datetime,x_stere,y_stere,data_gap_minutes,longitude,latitude
2023-08-09 11:30:00,633462.58062,-142812.95549,10.0,32.29518,84.0108
2023-08-09 12:00:00,634414.85492,-142648.02906,10.0,32.32781,84.00258
2023-08-09 12:30:00,635378.43198,-142600.48838,10.0,32.35049,83.99402
2023-08-09 13:00:00,636361.52327,-142664.11068,10.0,32.36395,83.98506
2023-08-09 13:30:00,637296.70025,-142852.0371,10.0,32.36581,83.97628
2023-08-09 14:00:00,638125.65059,-143087.2246,10.5,32.36159,83.96836
2023-08-09 14:30:00,638895.71315,-143375.7136,10.0,32.3517,83.96086
2023-08-09 15:00:00,639535.48267,-143654.82244,10.0,32.34014,83.95455
2023-08-09 15:30:00,640023.15049,-143927.00804,10.0,32.32628,83.94962
2023-08-09 16:00:00,640382.68374,-144169.79,10.0,32.31249,83.9459
2023-08-09 16:30:00,640639.65929,-144388.24661,10.0,32.29882,83.94315
2023-08-09 17:00:00,640802.34479,-144555.60338,10.0,32.2877,83.94135
2023-08-09 17:30:00,640895.98431,-144634.09245,10.0,32.28282,83.94035
2023-08-09 18:00:00,640947.65558,-144592.6155,10.0,32.28734,83.93997
2023-08-09 18:30:00,641000.5045,-144461.93311,10.0,32.29947,83.93976
2023-08-09 19:00:00,641071.00801,-144257.62828,10.0,32.3182,83.93954
2023-08-09 19:30:00,641207.6366,-143927.09751,10.0,32.34893,83.93898
2023-08-09 20:00:00,641431.33212,-143544.87002,10.0,32.38571,83.93774
2023-08-09 20:30:00,641693.25843,-143154.65262,10.0,32.42388,83.93617
2023-08-09 21:00:00,641982.34968,-142710.97998,10.0,32.46709,83.93446
2023-08-09 21:30:00,642367.16171,-142169.90665,10.0,32.52036,83.93208
2023-08-09 22:00:00,642834.69047,-141624.3325,10.0,32.57552,83.92896
2023-08-09 22:30:00,643410.3075,-141105.32472,10.0,32.63038,83.92481
2023-08-09 23:00:00,644092.10612,-140647.12493,10.0,32.68197,83.91958
2023-08-09 23:30:00,644817.18333,-140288.98672,10.0,32.72578,83.91376
2023-08-10 00:00:00,645583.64804,-140009.84974,10.0,32.76357,83.90741
2023-08-10 00:30:00,646366.03539,-139845.88049,10.0,32.79182,83.90069
2023-08-10 01:00:00,647124.99867,-139815.37224,10.0,32.80829,83.89392
2023-08-10 01:30:00,647834.31596,-139937.38149,10.0,32.81093,83.8873
2023-08-10 02:00:00,648492.26325,-140141.90123,10.5,32.80566,83.88098
2023-08-10 02:30:00,649061.70131,-140433.85038,10.0,32.79142,83.87529
2023-08-10 03:00:00,649487.65012,-140766.20408,10.0,32.77118,83.87081
2023-08-10 03:30:00,649778.7204,-141094.80283,10.0,32.74882,83.86755
2023-08-10 04:00:00,649910.76625,-141423.18426,10.0,32.72359,83.86572
2023-08-10 04:30:00,649865.57771,-141722.48279,10.0,32.69757,83.86554
2023-08-10 05:00:00,649657.64072,-141890.71554,10.0,32.67959,83.86708
2023-08-10 05:30:00,649338.7474,-141899.91,10.0,32.67295,83.86993
2023-08-10 06:00:00,648952.88141,-141783.07081,10.0,32.67569,83.87363
2023-08-10 06:30:00,648532.49292,-141518.79943,10.0,32.69023,83.87793
2023-08-10 07:00:00,648122.73801,-141088.12773,10.0,32.71903,83.88246
2023-08-10 07:30:00,647761.99413,-140497.42667,10.0,32.76229,83.88686
2023-08-10 08:00:00,647482.28614,-139761.2787,10.0,32.81939,83.89081
2023-08-10 08:30:00,647329.59123,-138953.06349,10.0,32.88497,83.89375
2023-08-10 09:00:00,647315.98192,-138051.02041,10.0,32.96107,83.89561
2023-08-10 09:30:00,647447.58272,-137107.79558,10.0,33.04331,83.89623
2023-08-10 10:00:00,647732.31442,-136163.43922,10.0,33.12839,83.89546
2023-08-10 10:30:00,648139.23512,-135285.7586,10.0,33.20996,83.89345
2023-08-10 11:00:00,648647.0605,-134481.95894,10.0,33.28699,83.89038
2023-08-10 11:30:00,649215.68041,-133775.51457,10.0,33.35676,83.88657
2023-08-10 12:00:00,649829.6667,-133189.12623,10.0,33.41707,83.88212
2023-08-10 12:30:00,650452.71346,-132766.61154,10.0,33.46359,83.87728
2023-08-10 13:00:00,651058.74257,-132496.43741,10.0,33.49687,83.87231
2023-08-10 13:30:00,651616.99825,-132351.27885,10.0,33.51872,83.86754
2023-08-10 14:00:00,652110.72999,-132310.65908,10.0,33.53061,83.86316
2023-08-10 14:30:00,652505.55541,-132347.72652,10.0,33.53424,83.85953
2023-08-10 15:00:00,652781.91888,-132444.23094,10.0,33.53083,83.85686
2023-08-10 15:30:00,652933.74771,-132591.79102,10.0,33.52099,83.85522
2023-08-10 16:00:00,652972.98285,-132742.56031,10.5,33.50896,83.85459
2023-08-10 16:30:00,652885.90755,-132854.39801,10.0,33.49804,83.85517
2023-08-10 17:00:00,652700.63894,-132893.21927,10.0,33.49159,83.85677
2023-08-10 17:30:00,652437.56329,-132840.48586,10.0,33.49152,83.85924
2023-08-10 18:00:00,652136.09545,-132698.61993,10.0,33.49831,83.86222
2023-08-10 18:30:00,651827.07354,-132468.45981,10.0,33.51243,83.86543
2023-08-10 19:00:00,651539.41895,-132143.7143,10.0,33.53492,83.86862
2023-08-10 19:30:00,651279.41698,-131720.12759,10.5,33.56626,83.87174
2023-08-10 20:00:00,651081.50966,-131229.38396,10.0,33.60437,83.87442
2023-08-10 20:30:00,650970.92975,-130705.04172,10.0,33.64684,83.87637
2023-08-10 21:00:00,650950.60596,-130148.50128,10.0,33.69359,83.87756
2023-08-10 21:30:00,651034.24144,-129529.23814,10.0,33.74742,83.87792
2023-08-10 22:00:00,651230.66833,-128871.03059,10.5,33.80644,83.87733
2023-08-10 22:30:00,651574.41331,-128248.8656,10.0,33.86486,83.87533
2023-08-10 23:00:00,652022.80464,-127741.21924,10.0,33.91528,83.87218
2023-08-10 23:30:00,652521.73172,-127368.95569,10.0,33.95503,83.86833
2023-08-11 00:00:00,653058.18921,-127109.27309,10.0,33.98583,83.86394
2023-08-11 00:30:00,653608.21787,-126966.76438,10.0,34.00691,83.85922
2023-08-11 01:00:00,654131.93831,-126948.01416,10.5,34.01708,83.85452
2023-08-11 01:30:00,654603.76793,-127048.35553,10.0,34.01634,83.85008
2023-08-11 02:00:00,655019.25048,-127262.21941,10.0,34.00511,83.84595
2023-08-11 02:30:00,655343.37206,-127587.17516,10.0,33.98304,83.84245
2023-08-11 03:00:00,655548.00151,-127973.80248,10.0,33.95384,83.83992
2023-08-11 03:30:00,655617.32897,-128389.12221,10.0,33.92002,83.83856
2023-08-11 04:00:00,655552.03732,-128788.83097,10.5,33.8853,83.83844
2023-08-11 04:30:00,655347.54497,-129159.41614,10.0,33.85073,83.83963
2023-08-11 05:00:00,655021.27238,-129443.71832,10.0,33.82138,83.84207
2023-08-11 05:30:00,654601.70279,-129644.66615,10.0,33.79747,83.8455
2023-08-11 06:00:00,654111.69828,-129736.74598,10.0,33.78153,83.84976
2023-08-11 06:30:00,653599.50466,-129711.63165,10.0,33.77508,83.85443
2023-08-11 07:00:00,653078.76415,-129534.24282,10.0,33.78133,83.85945
2023-08-11 07:30:00,652605.60113,-129211.6949,9.5,33.80065,83.8643
2023-08-11 08:00:00,652218.23797,-128796.35153,10.0,33.82928,83.86854
2023-08-11 08:30:00,651937.55623,-128310.65094,10.0,33.86568,83.87194
2023-08-11 09:00:00,651764.22129,-127772.89078,10.0,33.90831,83.87446
2023-08-11 09:30:00,651711.44984,-127210.91083,10.0,33.95502,83.87593
2023-08-11 10:00:00,651796.00712,-126677.91838,10.5,34.00156,83.8761
2023-08-11 10:30:00,652003.68442,-126185.61201,10.0,34.04667,83.87509
2023-08-11 11:00:00,652310.02682,-125791.04711,10.0,34.0851,83.87301
2023-08-11 11:30:00,652679.81129,-125490.69476,10.0,34.11656,83.87019
2023-08-11 12:00:00,653086.73386,-125289.77002,10.0,34.14018,83.86686
2023-08-11 12:30:00,653502.56189,-125186.13883,10.0,34.15569,83.86328
2023-08-11 13:00:00,653914.20959,-125185.01389,10.0,34.16245,83.85956
2023-08-11 13:30:00,654297.15754,-125287.56575,10.0,34.15998,83.85592
2023-08-11 14:00:00,654626.19001,-125486.78504,10.0,34.14848,83.8526
2023-08-11 14:30:00,654884.26228,-125761.65473,10.0,34.12946,83.84979
2023-08-11 15:00:00,655067.36292,-126098.07063,10.0,34.10405,83.84755
2023-08-11 15:30:00,655147.95037,-126489.17236,10.0,34.07238,83.84614
2023-08-11 16:00:00,655116.26279,-126899.03897,10.0,34.03731,83.84571
2023-08-11 16:30:00,654986.88297,-127263.6419,10.0,34.00446,83.84624
2023-08-11 17:00:00,654763.79627,-127585.47948,10.0,33.97367,83.84769
2023-08-11 17:30:00,654460.16228,-127854.05009,10.0,33.94603,83.84996
2023-08-11 18:00:00,654097.92142,-128059.33512,10.0,33.92274,83.85287
2023-08-11 18:30:00,653695.52226,-128175.31996,10.0,33.9063,83.8563
2023-08-11 19:00:00,653276.95427,-128176.01293,10.0,33.89931,83.86008
2023-08-11 19:30:00,652878.37872,-128046.57207,10.0,33.90364,83.86391
2023-08-11 20:00:00,652543.02349,-127797.84443,10.0,33.91911,83.86738
2023-08-11 20:30:00,652286.14028,-127436.19248,10.0,33.94545,83.87034
2023-08-11 21:00:00,652139.78283,-127000.68893,10.0,33.97989,83.87243
2023-08-11 21:30:00,652127.08968,-126542.27861,10.0,34.01849,83.87335
2023-08-11 22:00:00,652246.33459,-126092.27334,10.0,34.05855,83.87306
2023-08-11 22:30:00,652470.66977,-125709.4679,10.0,34.09463,83.8717
2023-08-11 23:00:00,652793.24728,-125395.4265,10.0,34.12647,83.86933
2023-08-11 23:30:00,653194.73595,-125170.66466,10.0,34.15201,83.86609
2023-08-12 00:00:00,653638.11996,-125055.76359,10.0,34.16891,83.86228
2023-08-12 00:30:00,654088.79363,-125052.8808,10.0,34.17644,83.85821
2023-08-12 01:00:00,654549.25538,-125178.09788,10.0,34.1733,83.85383
2023-08-12 01:30:00,654980.75908,-125408.39155,10.0,34.16083,83.84953
2023-08-12 02:00:00,655360.71551,-125745.82119,10.0,34.13851,83.84551
2023-08-12 02:30:00,655673.64852,-126189.61903,10.0,34.10617,83.84191
2023-08-12 03:00:00,655903.41188,-126742.13934,10.0,34.06336,83.83887
2023-08-12 03:30:00,656036.33349,-127386.87096,10.0,34.01125,83.83654
2023-08-12 04:00:00,656062.36422,-128122.71347,10.0,33.94976,83.83501
2023-08-12 04:30:00,655965.02103,-128868.33925,10.0,33.88544,83.83457
2023-08-12 05:00:00,655728.47861,-129596.79331,10.0,33.82026,83.83541
2023-08-12 05:30:00,655363.32156,-130260.22765,10.0,33.75838,83.83752
2023-08-12 06:00:00,654910.34893,-130832.50149,10.0,33.70265,83.84058
2023-08-12 06:30:00,654408.45871,-131303.04304,10.0,33.6546,83.84426
2023-08-12 07:00:00,653876.14456,-131630.67969,10.0,33.61801,83.84847
2023-08-12 07:30:00,653346.11923,-131797.3764,10.0,33.59497,83.85295
2023-08-12 08:00:00,652882.23697,-131839.11154,10.0,33.58356,83.85706
2023-08-12 08:30:00,652521.07971,-131811.10524,10.0,33.57977,83.86037
2023-08-12 09:00:00,652255.50787,-131715.87114,10.0,33.58328,83.86294
2023-08-12 09:30:00,652083.34605,-131575.09454,10.0,33.59223,83.86475
2023-08-12 10:00:00,652028.96103,-131432.66457,10.0,33.60333,83.8655
2023-08-12 10:30:00,652090.13434,-131327.03783,10.0,33.61329,83.86514
2023-08-12 11:00:00,652247.2929,-131250.89722,10.0,33.62239,83.86386
2023-08-12 11:30:00,652490.32637,-131254.53904,10.0,33.62621,83.86166
2023-08-12 12:00:00,652789.75173,-131335.87215,10.0,33.62443,83.85881
2023-08-12 12:30:00,653118.37959,-131525.34283,10.0,33.61403,83.8555
2023-08-12 13:00:00,653453.40938,-131836.82331,10.0,33.59347,83.85191
2023-08-12 13:30:00,653749.16089,-132254.42837,10.0,33.56333,83.84848
2023-08-12 14:00:00,653970.4434,-132748.59603,10.0,33.52551,83.84558
2023-08-12 14:30:00,654106.14522,-133285.92154,10.0,33.48263,83.84337
2023-08-12 15:00:00,654144.15184,-133838.24458,10.0,33.43684,83.84201
2023-08-12 15:30:00,654082.67419,-134376.08255,10.0,33.39057,83.84157
2023-08-12 16:00:00,653927.20869,-134884.70972,10.5,33.34513,83.84203
2023-08-12 16:30:00,653671.99477,-135372.29388,10.0,33.29972,83.84342
2023-08-12 17:00:00,653336.867,-135784.46538,10.0,33.25923,83.84567
2023-08-12 17:30:00,652940.74456,-136104.36578,10.0,33.2254,83.84864
2023-08-12 18:00:00,652509.54583,-136304.22312,10.0,33.20102,83.85215
2023-08-12 18:30:00,652075.91029,-136382.54663,10.0,33.1868,83.85591
2023-08-12 19:00:00,651662.71322,-136373.64664,10.0,33.18027,83.85965
2023-08-12 19:30:00,651280.12166,-136271.51324,10.0,33.18213,83.86329
2023-08-12 20:00:00,650936.44355,-136078.80469,10.5,33.19232,83.86675
2023-08-12 20:30:00,650665.1334,-135767.95476,10.0,33.21376,83.86978
2023-08-12 21:00:00,650500.13701,-135377.66103,10.0,33.2438,83.872
2023-08-12 21:30:00,650457.97427,-134934.49425,10.0,33.28048,83.87321
2023-08-12 22:00:00,650550.60948,-134487.16863,10.0,33.31988,83.87321
2023-08-12 22:30:00,650765.13378,-134071.11015,10.0,33.35876,83.87205
2023-08-12 23:00:00,651091.0866,-133710.3224,10.0,33.39489,83.86978
2023-08-12 23:30:00,651504.60919,-133445.81171,10.0,33.42438,83.86654
2023-08-13 00:00:00,651974.83525,-133304.4208,10.0,33.44443,83.86256
2023-08-13 00:30:00,652460.01939,-133279.41518,10.0,33.4549,83.85823
2023-08-13 01:00:00,652936.93355,-133359.97814,10.0,33.45632,83.85378
2023-08-13 01:30:00,653380.87515,-133542.24404,10.0,33.44861,83.84944
2023-08-13 02:00:00,653748.29553,-133800.40508,10.0,33.43321,83.84565
2023-08-13 02:30:00,654031.8201,-134099.7629,10.0,33.41292,83.84254
2023-08-13 03:00:00,654228.92247,-134436.11733,10.0,33.38805,83.84014
2023-08-13 03:30:00,654327.32851,-134793.32937,10.0,33.35974,83.83859
2023-08-13 04:00:00,654329.25865,-135144.24264,10.0,33.3303,83.83792
2023-08-13 04:30:00,654263.82249,-135449.96295,10.0,33.30349,83.83794
2023-08-13 05:00:00,654154.43142,-135726.19606,10.0,33.27839,83.83841
2023-08-13 05:30:00,653988.20763,-135954.96181,10.0,33.25628,83.83948
2023-08-13 06:00:00,653758.69446,-136098.19015,10.0,33.24024,83.84128
2023-08-13 06:30:00,653501.02103,-136142.0125,10.0,33.23205,83.84352
2023-08-13 07:00:00,653233.60253,-136083.44695,10.0,33.23229,83.84604
2023-08-13 07:30:00,652989.57895,-135917.86308,10.0,33.24194,83.84855
2023-08-13 08:00:00,652795.53049,-135645.21591,10.0,33.26148,83.85081
2023-08-13 08:30:00,652683.18784,-135288.45995,10.0,33.28954,83.85249
2023-08-13 09:00:00,652654.47214,-134853.68182,10.0,33.32564,83.85356
2023-08-13 09:30:00,652747.00046,-134372.7715,10.0,33.36774,83.85362
2023-08-13 10:00:00,652975.85542,-133879.57116,10.0,33.41323,83.85247
2023-08-13 10:30:00,653358.76351,-133411.68672,10.0,33.45922,83.84988
2023-08-13 11:00:00,653881.51573,-133033.46023,10.0,33.50002,83.84586
2023-08-13 11:30:00,654494.65546,-132765.32853,10.0,33.53305,83.84082
2023-08-13 12:00:00,655150.05019,-132615.54422,10.5,33.5568,83.83518
2023-08-13 12:30:00,655845.33307,-132586.62401,10.0,33.57104,83.82896
2023-08-13 13:00:00,656512.15323,-132681.59497,10.0,33.57438,83.82277
2023-08-13 13:30:00,657125.04248,-132889.86018,10.0,33.56731,83.81686
2023-08-13 14:00:00,657662.40469,-133186.47985,10.0,33.55158,83.81147
2023-08-13 14:30:00,658108.60215,-133538.84486,10.0,33.52967,83.8068
2023-08-13 15:00:00,658459.57079,-133939.2631,10.5,33.50216,83.8029
2023-08-13 15:30:00,658707.08693,-134362.35008,10.0,33.47103,83.79989
2023-08-13 16:00:00,658857.77561,-134791.63241,10.0,33.43776,83.79774
2023-08-13 16:30:00,658911.18716,-135207.46347,10.0,33.40397,83.79649
2023-08-13 17:00:00,658850.0194,-135564.51739,10.0,33.37313,83.79638
2023-08-13 17:30:00,658697.29447,-135837.49286,10.0,33.34773,83.79725
2023-08-13 18:00:00,658482.25856,-136021.71874,10.5,33.32865,83.79885
2023-08-13 18:30:00,658226.40038,-136114.22176,10.0,33.31652,83.80098
2023-08-13 19:00:00,657966.30158,-136095.28296,10.0,33.31361,83.80336
2023-08-13 19:30:00,657729.49181,-135969.09156,10.0,33.32006,83.80573
2023-08-13 20:00:00,657523.9443,-135745.19929,10.0,33.33522,83.808
2023-08-13 20:30:00,657384.7642,-135430.46587,10.0,33.35913,83.80984
2023-08-13 21:00:00,657332.11098,-135034.08806,10.0,33.39137,83.81105
2023-08-13 21:30:00,657395.65388,-134594.47624,10.0,33.42923,83.81129
2023-08-13 22:00:00,657577.01905,-134151.92359,10.0,33.46935,83.81047
2023-08-13 22:30:00,657860.60951,-133728.3499,10.0,33.50961,83.80869
2023-08-13 23:00:00,658234.62092,-133338.24116,10.0,33.54858,83.80603
2023-08-13 23:30:00,658680.12287,-133004.15859,10.0,33.58404,83.80262
2023-08-14 00:00:00,659195.39398,-132773.55783,9.5,33.61199,83.79839
2023-08-14 00:30:00,659753.09254,-132650.81729,10.0,33.63161,83.79358
2023-08-14 01:00:00,660320.91694,-132631.77365,10.0,33.64272,83.78849
2023-08-14 01:30:00,660864.05584,-132713.50943,10.0,33.645,83.78344
2023-08-14 02:00:00,661346.58473,-132892.86821,10.5,33.63813,83.77876
2023-08-14 02:30:00,661761.09702,-133167.99186,10.0,33.62217,83.77452
2023-08-14 03:00:00,662063.19094,-133511.2291,10.0,33.59868,83.77117
2023-08-14 03:30:00,662256.69078,-133908.61993,10.0,33.56889,83.7687
2023-08-14 04:00:00,662341.33738,-134311.66694,10.0,33.53682,83.7672
2023-08-14 04:30:00,662311.69095,-134692.37917,10.0,33.50469,83.76677
2023-08-14 05:00:00,662171.32054,-135027.81144,10.0,33.47445,83.76742
2023-08-14 05:30:00,661929.20632,-135295.90686,10.0,33.44807,83.76911
2023-08-14 06:00:00,661610.38381,-135461.36584,10.0,33.4289,83.77168
2023-08-14 06:30:00,661262.30586,-135514.92296,10.0,33.41852,83.77472
2023-08-14 07:00:00,660917.59174,-135460.02523,10.0,33.41721,83.77793
2023-08-14 07:30:00,660613.3904,-135293.99735,10.0,33.42584,83.78098
2023-08-14 08:00:00,660349.92714,-135020.89565,10.0,33.44409,83.78386
2023-08-14 08:30:00,660160.94507,-134670.42783,10.0,33.47007,83.78621
2023-08-14 09:00:00,660056.40086,-134247.52362,10.0,33.50354,83.78793
2023-08-14 09:30:00,660060.94414,-133782.9163,10.0,33.54235,83.78874
2023-08-14 10:00:00,660179.63763,-133311.26568,10.0,33.58368,83.78853
2023-08-14 10:30:00,660411.09405,-132855.67094,10.0,33.62556,83.78727
2023-08-14 11:00:00,660736.67221,-132437.20758,10.0,33.6659,83.78509
2023-08-14 11:30:00,661140.04172,-132093.45682,10.0,33.70128,83.78207
2023-08-14 12:00:00,661609.39888,-131823.0621,10.0,33.73161,83.77832
2023-08-14 12:30:00,662121.5515,-131659.59603,10.0,33.75371,83.77399
2023-08-14 13:00:00,662642.86386,-131600.11763,10.0,33.76728,83.76939
2023-08-14 13:30:00,663159.09225,-131638.63723,10.0,33.7726,83.76466
2023-08-14 14:00:00,663654.82782,-131763.64911,10.0,33.77039,83.75996
2023-08-14 14:30:00,664086.4557,-131971.63079,10.0,33.76024,83.75569
2023-08-14 15:00:00,664448.58578,-132256.01423,10.0,33.74262,83.75191
2023-08-14 15:30:00,664710.23881,-132582.86713,10.0,33.71984,83.74896
2023-08-14 16:00:00,664860.79463,-132927.35674,10.0,33.69378,83.74698
2023-08-14 16:30:00,664900.7759,-133264.49191,10.0,33.66651,83.74601
2023-08-14 17:00:00,664825.54121,-133573.14765,10.0,33.63969,83.74613
2023-08-14 17:30:00,664650.4247,-133821.23769,10.0,33.61622,83.74726
2023-08-14 18:00:00,664394.27369,-133976.00406,10.0,33.59912,83.74929
2023-08-14 18:30:00,664100.218,-134010.79392,10.0,33.59132,83.75188
2023-08-14 19:00:00,663808.96169,-133954.79364,10.0,33.59109,83.75461
2023-08-14 19:30:00,663553.34584,-133821.01295,10.0,33.59791,83.75716
2023-08-14 20:00:00,663335.19577,-133611.24186,10.0,33.61167,83.75951
2023-08-14 20:30:00,663167.87573,-133319.3346,10.0,33.63311,83.76155
2023-08-14 21:00:00,663059.16819,-132955.69151,10.0,33.6615,83.76319
2023-08-14 21:30:00,663035.54529,-132553.52419,10.0,33.69452,83.76413
2023-08-14 22:00:00,663115.66086,-132129.91736,10.0,33.73105,83.76417
2023-08-14 22:30:00,663305.25623,-131711.33155,10.0,33.76897,83.76321
2023-08-14 23:00:00,663588.55229,-131332.56934,10.0,33.80511,83.76133
2023-08-14 23:30:00,663940.91233,-131012.07319,10.0,33.83752,83.75872
2023-08-15 00:00:00,664345.92113,-130760.50321,10.0,33.86504,83.75551
2023-08-15 00:30:00,664787.16132,-130611.14311,10.0,33.88464,83.75179
2023-08-15 01:00:00,665246.44941,-130583.80915,10.0,33.89439,83.74769
2023-08-15 01:30:00,665673.87693,-130673.62284,10.0,33.8939,83.74367
2023-08-15 02:00:00,666056.42817,-130856.6532,10.0,33.88496,83.73989
2023-08-15 02:30:00,666346.81778,-131102.86939,10.0,33.8693,83.73683
2023-08-15 03:00:00,666549.69413,-131399.58497,10.0,33.84805,83.73447
2023-08-15 03:30:00,666656.46505,-131717.04418,10.0,33.82353,83.73294
2023-08-15 04:00:00,666666.33845,-132036.62127,10.0,33.79726,83.73228
2023-08-15 04:30:00,666578.73255,-132361.098,10.0,33.76899,83.73249
2023-08-15 05:00:00,666387.45477,-132660.19706,10.0,33.74111,83.73368
2023-08-15 05:30:00,666110.52484,-132904.71918,9.5,33.71632,83.73574
2023-08-15 06:00:00,665772.01688,-133068.695,10.0,33.69716,83.7385
2023-08-15 06:30:00,665395.15917,-133147.12248,10.0,33.68443,83.74176
2023-08-15 07:00:00,665002.54528,-133138.09114,10.0,33.67867,83.74532
2023-08-15 07:30:00,664617.22044,-133037.29979,10.0,33.68063,83.74898
2023-08-15 08:00:00,664264.27193,-132849.86229,10.5,33.69032,83.7525
2023-08-15 08:30:00,663954.52689,-132567.21012,10.0,33.70863,83.75581
2023-08-15 09:00:00,663737.9338,-132220.18526,10.0,33.73385,83.75839
2023-08-15 09:30:00,663621.76128,-131835.33895,10.0,33.76389,83.76013
2023-08-15 10:00:00,663616.68229,-131447.78774,10.0,33.796,83.76087
2023-08-15 10:30:00,663715.77757,-131081.14293,10.0,33.82809,83.76063
2023-08-15 11:00:00,663881.59253,-130768.16875,10.0,33.85681,83.75969
2023-08-15 11:30:00,664116.414,-130497.53911,10.0,33.88313,83.75805
2023-08-15 12:00:00,664412.86622,-130295.78199,10.0,33.90472,83.75573
2023-08-15 12:30:00,664738.50087,-130187.60324,10.0,33.919,83.75298
2023-08-15 13:00:00,665077.80252,-130179.08648,10.0,33.92522,83.74993
2023-08-15 13:30:00,665391.12775,-130258.02029,10.0,33.92376,83.74696
2023-08-15 14:00:00,665675.80025,-130409.77611,10.0,33.9158,83.74412
2023-08-15 14:30:00,665911.18946,-130637.77036,10.0,33.90073,83.74159
2023-08-15 15:00:00,666070.21629,-130927.33905,10.0,33.87933,83.73964
2023-08-15 15:30:00,666138.0795,-131252.01333,10.0,33.85355,83.73845
2023-08-15 16:00:00,666101.02678,-131584.09261,10.5,33.82545,83.73819
2023-08-15 16:30:00,665963.15043,-131918.85242,10.0,33.79548,83.73884
2023-08-15 17:00:00,665737.87544,-132228.18959,10.0,33.76617,83.74032
2023-08-15 17:30:00,665426.91491,-132499.64749,10.0,33.73857,83.74264
2023-08-15 18:00:00,665053.45764,-132705.9996,10.0,33.71531,83.74564
2023-08-15 18:30:00,664639.94267,-132840.61637,10.0,33.69731,83.74913
2023-08-15 19:00:00,664194.77715,-132906.07928,10.0,33.6845,83.75303
2023-08-15 19:30:00,663725.14714,-132883.31111,10.0,33.67859,83.75731
2023-08-15 20:00:00,663275.62687,-132765.6208,10.0,33.68089,83.76158
2023-08-15 20:30:00,662879.81743,-132578.82145,10.0,33.68983,83.76549
2023-08-15 21:00:00,662515.36918,-132345.8767,10.0,33.70314,83.7692
2023-08-15 21:30:00,662212.38464,-132071.18637,10.0,33.72096,83.77243
2023-08-15 22:00:00,662003.50713,-131774.1352,10.0,33.74222,83.77485
2023-08-15 22:30:00,661901.3088,-131485.98803,10.0,33.76452,83.77629
2023-08-15 23:00:00,661893.45056,-131246.56313,10.0,33.78433,83.77679
2023-08-15 23:30:00,661945.06353,-131064.32989,10.0,33.80036,83.77665
2023-08-16 00:00:00,662044.3726,-130943.02659,10.0,33.8121,83.77597
2023-08-16 00:30:00,662161.70085,-130881.69116,10.0,33.81914,83.77502
2023-08-16 01:00:00,662277.21282,-130835.10368,10.0,33.82492,83.77406
2023-08-16 01:30:00,662387.44936,-130865.65008,10.0,33.82419,83.77301
2023-08-16 02:00:00,662468.61124,-130970.46746,10.0,33.8168,83.77209
2023-08-16 02:30:00,662507.67897,-131142.44239,10.0,33.80313,83.77143
2023-08-16 03:00:00,662492.53556,-131369.80184,10.0,33.78396,83.77116
2023-08-16 03:30:00,662411.08998,-131657.31883,10.0,33.75869,83.77138
2023-08-16 04:00:00,662255.93909,-131974.95627,10.0,33.72969,83.77221
2023-08-16 04:30:00,662013.39089,-132302.19356,10.0,33.69843,83.77381
2023-08-16 05:00:00,661674.61152,-132633.13511,10.0,33.66524,83.77627
2023-08-16 05:30:00,661245.40593,-132927.68953,10.0,33.63354,83.77961
2023-08-16 06:00:00,660738.72287,-133160.25257,10.0,33.60567,83.78376
2023-08-16 06:30:00,660224.77281,-133301.79091,10.0,33.58523,83.78814
2023-08-16 07:00:00,659717.44115,-133371.81184,10.0,33.57084,83.79259
2023-08-16 07:30:00,659226.31688,-133367.01628,10.0,33.56295,83.79703
2023-08-16 08:00:00,658766.31166,-133306.98598,10.0,33.56019,83.80129
2023-08-16 08:30:00,658372.72649,-133203.53783,10.0,33.56218,83.80503
2023-08-16 09:00:00,658053.30408,-133073.15845,10.0,33.56768,83.80815
2023-08-16 09:30:00,657790.7551,-132913.59309,10.0,33.57659,83.81081
2023-08-16 10:00:00,657587.57954,-132717.85009,10.0,33.58954,83.813
2023-08-16 10:30:00,657463.35467,-132509.59317,10.0,33.60488,83.8145
2023-08-16 11:00:00,657423.08647,-132329.90393,10.0,33.61925,83.81519
2023-08-16 11:30:00,657454.03195,-132198.11609,10.0,33.63081,83.81515
2023-08-16 12:00:00,657546.07024,-132133.832,10.5,33.63774,83.81444
2023-08-16 12:30:00,657693.53487,-132136.64088,10.0,33.63999,83.8131
2023-08-16 13:00:00,657863.39907,-132228.70404,10.0,33.63514,83.8114
2023-08-16 13:30:00,658031.81386,-132427.09797,10.0,33.62137,83.80952
2023-08-16 14:00:00,658173.40242,-132741.87956,10.0,33.59742,83.80767
2023-08-16 14:30:00,658264.05169,-133154.52299,10.0,33.56444,83.8061
2023-08-16 15:00:00,658279.5894,-133652.13387,10.0,33.5231,83.80505
2023-08-16 15:30:00,658215.55184,-134190.29273,10.0,33.47703,83.80464
2023-08-16 16:00:00,658080.11199,-134744.66387,10.0,33.42839,83.80484
2023-08-16 16:30:00,657875.65882,-135292.46526,10.0,33.37911,83.80567
2023-08-16 17:00:00,657584.75847,-135837.45101,10.0,33.32856,83.80728
2023-08-16 17:30:00,657231.9673,-136341.28312,10.0,33.28035,83.80952
2023-08-16 18:00:00,656849.17198,-136787.3276,10.5,33.23641,83.81213
2023-08-16 18:30:00,656427.02847,-137174.92647,10.0,33.19664,83.81521
2023-08-16 19:00:00,655997.31031,-137472.92799,10.0,33.16419,83.81852
2023-08-16 19:30:00,655584.47287,-137700.10799,10.0,33.13793,83.82181
2023-08-16 20:00:00,655213.28589,-137839.4683,10.0,33.11973,83.82489
2023-08-16 20:30:00,654897.20502,-137917.16625,10.0,33.10765,83.82759
2023-08-16 21:00:00,654646.16761,-137954.74993,10.0,33.10007,83.82978
2023-08-16 21:30:00,654466.53398,-137995.87294,10.0,33.09345,83.83132
2023-08-16 22:00:00,654335.35077,-138033.57962,10.0,33.08797,83.83243
2023-08-16 22:30:00,654262.42163,-138063.519,10.0,33.08417,83.83303
2023-08-16 23:00:00,654260.09635,-138100.83888,10.0,33.081,83.83298
2023-08-16 23:30:00,654326.42798,-138175.7983,10.0,33.07589,83.83224
2023-08-17 00:00:00,654444.97859,-138292.2863,10.5,33.06823,83.83095
2023-08-17 00:30:00,654591.28521,-138488.09684,10.0,33.05441,83.82926
2023-08-17 01:00:00,654742.7567,-138769.08806,10.0,33.03356,83.82736
2023-08-17 01:30:00,654888.86043,-139127.217,10.0,33.00617,83.82536
2023-08-17 02:00:00,655017.74983,-139565.42964,10.0,32.97179,83.82336
2023-08-17 02:30:00,655101.87328,-140092.38341,10.0,32.92921,83.82159
2023-08-17 03:00:00,655123.81373,-140695.03507,10.0,32.87921,83.82023
2023-08-17 03:30:00,655085.72777,-141352.01152,9.5,32.82361,83.8193
2023-08-17 04:00:00,654991.61193,-142049.10857,10.0,32.76366,83.81879
2023-08-17 04:30:00,654831.96534,-142767.95779,10.0,32.70071,83.81882
2023-08-17 05:00:00,654591.7458,-143470.09902,10.0,32.63768,83.8196
2023-08-17 05:30:00,654256.99476,-144127.99437,10.0,32.57659,83.82131
2023-08-17 06:00:00,653842.67487,-144714.59676,10.0,32.51995,83.82387
2023-08-17 06:30:00,653373.26272,-145215.62592,10.0,32.46939,83.82709
2023-08-17 07:00:00,652868.2841,-145609.28007,10.0,32.42709,83.83084
2023-08-17 07:30:00,652375.98568,-145884.87912,10.0,32.39485,83.83471
2023-08-17 08:00:00,651917.7331,-146052.31281,10.0,32.37226,83.83849
2023-08-17 08:30:00,651522.71178,-146116.08179,10.0,32.35951,83.84191
2023-08-17 09:00:00,651196.30987,-146107.1034,10.0,32.35413,83.84486
2023-08-17 09:30:00,650961.10825,-146053.85453,10.0,32.35417,83.84708
2023-08-17 10:00:00,650813.23954,-145988.46536,10.0,32.35687,83.84854
2023-08-17 10:30:00,650768.97461,-145927.71683,10.0,32.36113,83.84906
2023-08-17 11:00:00,650826.30859,-145890.46719,10.0,32.36533,83.84862
2023-08-17 11:30:00,650991.33595,-145874.35972,10.5,32.36978,83.84717
2023-08-17 12:00:00,651195.81837,-145930.56474,10.0,32.36891,83.84522
2023-08-17 12:30:00,651475.75117,-146032.58438,10.0,32.36562,83.8425
2023-08-17 13:00:00,651807.72976,-146205.33314,10.0,32.35739,83.83917
2023-08-17 13:30:00,652173.1096,-146452.40175,10.0,32.34358,83.83539
2023-08-17 14:00:00,652518.20829,-146768.39035,10.5,32.32365,83.83165
2023-08-17 14:30:00,652827.91581,-147164.58619,10.0,32.29637,83.82807
2023-08-17 15:00:00,653081.30622,-147615.82289,10.0,32.26347,83.82488
2023-08-17 15:30:00,653260.33541,-148104.19858,10.0,32.2261,83.82228
2023-08-17 16:00:00,653361.24486,-148601.69249,10.0,32.18652,83.82036
2023-08-17 16:30:00,653373.58095,-149085.51111,10.0,32.14642,83.81926
2023-08-17 17:00:00,653300.10112,-149548.41707,10.0,32.10644,83.81897
2023-08-17 17:30:00,653147.85244,-149966.17981,10.5,32.06872,83.81948
2023-08-17 18:00:00,652929.78763,-150340.947,10.0,32.03331,83.82066
2023-08-17 18:30:00,652680.05923,-150640.83025,10.0,32.00352,83.82228
2023-08-17 19:00:00,652410.88812,-150864.89208,10.0,31.97966,83.82423
2023-08-17 19:30:00,652135.73093,-151003.55833,10.0,31.96279,83.82641
2023-08-17 20:00:00,651885.01034,-151059.76313,10.5,31.95326,83.82854
2023-08-17 20:30:00,651674.7077,-151039.42017,10.0,31.95089,83.83047
2023-08-17 21:00:00,651528.49244,-150953.4102,10.0,31.95524,83.83196
2023-08-17 21:30:00,651460.15548,-150810.34987,10.0,31.96586,83.83287
2023-08-17 22:00:00,651490.35953,-150641.24631,10.0,31.98056,83.83295
2023-08-17 22:30:00,651619.16085,-150460.17863,10.0,31.99816,83.83217
2023-08-17 23:00:00,651829.31337,-150298.29461,9.5,32.01572,83.83062
2023-08-17 23:30:00,652131.17939,-150168.68849,10.0,32.03234,83.82818
2023-08-18 00:00:00,652508.05322,-150100.4203,10.0,32.04527,83.82494
2023-08-18 00:30:00,652936.79256,-150107.01688,10.0,32.05294,83.82108
2023-08-18 01:00:00,653387.55334,-150197.19742,10.0,32.05406,83.81685
2023-08-18 01:30:00,653840.4011,-150380.11404,10.0,32.0475,83.81241
2023-08-18 02:00:00,654262.04042,-150653.91433,10.5,32.03279,83.80806
2023-08-18 02:30:00,654634.87278,-151005.96616,10.0,32.01067,83.80399
2023-08-18 03:00:00,654930.75208,-151409.65923,10.0,31.98281,83.8005
2023-08-18 03:30:00,655136.3655,-151855.70904,10.0,31.94973,83.79773
2023-08-18 04:00:00,655248.1171,-152330.32671,10.0,31.9125,83.79574
2023-08-18 04:30:00,655256.03703,-152808.87791,10.0,31.87296,83.79467
2023-08-18 05:00:00,655161.98234,-153264.10073,10.0,31.83339,83.79456
2023-08-18 05:30:00,654981.81957,-153680.68111,10.0,31.79535,83.7953
2023-08-18 06:00:00,654754.72367,-154039.31304,9.5,31.76119,83.79658
2023-08-18 06:30:00,654488.40863,-154340.77197,10.0,31.73099,83.79833
2023-08-18 07:00:00,654212.20373,-154565.18238,10.0,31.70697,83.80033
2023-08-18 07:30:00,653928.81703,-154710.93212,10.0,31.68932,83.80256
2023-08-18 08:00:00,653658.65389,-154777.00873,10.0,31.67853,83.80484
2023-08-18 08:30:00,653445.10565,-154773.65761,10.0,31.67461,83.80676
2023-08-18 09:00:00,653286.55695,-154717.19879,10.0,31.67618,83.8083
2023-08-18 09:30:00,653213.60809,-154629.24829,10.0,31.68205,83.80914
2023-08-18 10:00:00,653217.99763,-154525.78681,10.0,31.69073,83.80932
2023-08-18 10:30:00,653304.59689,-154428.64282,10.0,31.7005,83.80875
2023-08-18 11:00:00,653481.28761,-154370.57865,10.0,31.70879,83.80729
2023-08-18 11:30:00,653765.47195,-154344.10798,10.0,31.71656,83.8048
2023-08-18 12:00:00,654104.88159,-154386.27231,10.0,31.71971,83.80167
2023-08-18 12:30:00,654494.18606,-154510.23706,10.0,31.71705,83.79792
2023-08-18 13:00:00,654894.49216,-154729.39791,10.0,31.70672,83.79387
2023-08-18 13:30:00,655275.55726,-155015.66476,10.0,31.69047,83.78985
2023-08-18 14:00:00,655614.60516,-155380.09163,10.0,31.66695,83.78604
2023-08-18 14:30:00,655906.0319,-155817.61029,10.0,31.63648,83.7825
2023-08-18 15:00:00,656130.87947,-156308.79374,10.0,31.6003,83.77944
2023-08-18 15:30:00,656269.29814,-156814.63227,10.0,31.56124,83.77712
2023-08-18 16:00:00,656316.23002,-157318.64191,10.0,31.52055,83.77562
2023-08-18 16:30:00,656286.81677,-157780.90541,10.0,31.48181,83.77489
2023-08-18 17:00:00,656176.74777,-158214.86338,10.0,31.44381,83.77494
2023-08-18 17:30:00,655996.02512,-158588.46535,10.0,31.40938,83.77575
2023-08-18 18:00:00,655780.83104,-158877.26192,10.0,31.38125,83.77705
2023-08-18 18:30:00,655555.89325,-159081.1633,10.0,31.35992,83.77862
2023-08-18 19:00:00,655348.32204,-159208.60117,10.0,31.34524,83.7802
2023-08-18 19:30:00,655165.77424,-159255.9266,10.0,31.33767,83.78173
2023-08-18 20:00:00,655015.09988,-159231.8931,10.0,31.33663,83.78313
2023-08-18 20:30:00,654912.84676,-159132.82864,10.0,31.34276,83.78426
2023-08-18 21:00:00,654868.4031,-158979.80969,10.0,31.35451,83.78499
2023-08-18 21:30:00,654906.82664,-158793.79357,10.0,31.37065,83.78505
2023-08-18 22:00:00,655025.16331,-158596.02987,10.0,31.38936,83.78442
2023-08-18 22:30:00,655216.57,-158410.07677,10.0,31.40855,83.78311
2023-08-18 23:00:00,655483.48856,-158244.31333,10.0,31.42757,83.78108
2023-08-18 23:30:00,655805.86303,-158121.68252,10.0,31.44412,83.77846
2023-08-19 00:00:00,656207.34016,-158060.09901,10.0,31.45719,83.775
2023-08-19 00:30:00,656644.30801,-158064.47023,10.0,31.46551,83.77108
2023-08-19 01:00:00,657084.36203,-158144.19144,10.0,31.46767,83.76697
2023-08-19 01:30:00,657515.3769,-158289.32606,10.0,31.46426,83.7628
2023-08-19 02:00:00,657933.39964,-158506.9561,10.0,31.45463,83.75859
2023-08-19 02:30:00,658318.39829,-158782.67853,10.0,31.43958,83.75455
2023-08-19 03:00:00,658641.22892,-159102.75304,10.0,31.41967,83.75097
2023-08-19 03:30:00,658891.43479,-159450.08912,10.0,31.3961,83.74798
2023-08-19 04:00:00,659031.81567,-159821.12875,10.0,31.36842,83.74592
2023-08-19 04:30:00,659058.11326,-160150.29162,10.0,31.34192,83.74497
2023-08-19 05:00:00,659019.42136,-160415.11537,10.0,31.31941,83.74474
2023-08-19 05:30:00,658922.10354,-160612.66471,10.0,31.30125,83.74518
2023-08-19 06:00:00,658789.91727,-160746.60548,10.0,31.28761,83.74607
2023-08-19 06:30:00,658637.91895,-160801.23434,10.0,31.28008,83.74731
2023-08-19 07:00:00,658467.25835,-160781.12312,10.0,31.27831,83.74888
2023-08-19 07:30:00,658301.04693,-160687.82369,10.0,31.28264,83.75057
2023-08-19 08:00:00,658174.55053,-160532.55668,10.0,31.29286,83.75204
2023-08-19 08:30:00,658085.06598,-160326.26016,10.0,31.30802,83.75329
2023-08-19 09:00:00,658071.28758,-160084.3242,10.0,31.32763,83.75394
2023-08-19 09:30:00,658141.89692,-159839.82347,10.0,31.34914,83.75384
2023-08-19 10:00:00,658300.96138,-159617.37008,10.0,31.3706,83.7529
2023-08-19 10:30:00,658538.9646,-159447.04196,10.0,31.38934,83.75114
2023-08-19 11:00:00,658849.33648,-159337.65599,10.0,31.4045,83.7486
2023-08-19 11:30:00,659218.16099,-159309.94489,10.0,31.4141,83.74536
2023-08-19 12:00:00,659631.1984,-159367.47988,10.0,31.41757,83.74154
2023-08-19 12:30:00,660061.22062,-159521.24259,10.0,31.41348,83.73736
2023-08-19 13:00:00,660486.06684,-159774.97366,10.0,31.4011,83.73301
2023-08-19 13:30:00,660889.73682,-160120.6236,10.0,31.38079,83.72865
2023-08-19 14:00:00,661239.45301,-160559.23682,10.0,31.35183,83.72457
2023-08-19 14:30:00,661506.87446,-161068.78364,10.0,31.31547,83.72107
2023-08-19 15:00:00,661676.32103,-161625.75916,10.0,31.27332,83.71834
2023-08-19 15:30:00,661741.31046,-162196.64335,10.0,31.22798,83.71651
2023-08-19 16:00:00,661693.91621,-162746.26822,10.5,31.18215,83.71573
2023-08-19 16:30:00,661541.99072,-163261.79485,10.0,31.137,83.71595
2023-08-19 17:00:00,661293.11997,-163693.67804,10.0,31.09672,83.71722
2023-08-19 17:30:00,660956.85604,-164025.28489,10.0,31.06284,83.71949
2023-08-19 18:00:00,660577.23332,-164251.16981,10.0,31.03669,83.72238
2023-08-19 18:30:00,660171.8861,-164377.47243,10.0,31.01813,83.72572
2023-08-19 19:00:00,659763.53787,-164403.22838,10.0,31.00771,83.72931
2023-08-19 19:30:00,659394.12547,-164349.06877,10.5,31.00461,83.73273
2023-08-19 20:00:00,659061.18464,-164229.43414,10.0,31.00761,83.73597
2023-08-19 20:30:00,658775.83624,-164031.08834,10.0,31.01803,83.73896
2023-08-19 21:00:00,658574.75068,-163741.41787,10.0,31.03766,83.7414
2023-08-19 21:30:00,658480.74207,-163376.27728,10.0,31.06567,83.74305
2023-08-19 22:00:00,658492.4162,-162972.35079,10.0,31.09902,83.74384
2023-08-19 22:30:00,658620.86887,-162579.42926,10.0,31.13384,83.74356
2023-08-19 23:00:00,658871.76446,-162215.27377,10.0,31.16877,83.74212
2023-08-19 23:30:00,659225.37533,-161932.87238,10.0,31.19905,83.73958
2023-08-20 00:00:00,659660.26498,-161778.96127,10.0,31.22041,83.73603
2023-08-20 00:30:00,660107.01717,-161777.13825,10.5,31.22953,83.73204
2023-08-20 01:00:00,660579.44962,-161907.83128,10.0,31.22831,83.72753
2023-08-20 01:30:00,660984.49533,-162162.79647,10.0,31.21558,83.72335
2023-08-20 02:00:00,661308.54165,-162510.5505,10.0,31.19366,83.71969
2023-08-20 02:30:00,661533.54093,-162914.81538,10.0,31.16516,83.71679
2023-08-20 03:00:00,661652.31425,-163340.72318,10.0,31.13278,83.71479
2023-08-20 03:30:00,661655.64648,-163770.91559,10.0,31.09774,83.71381
2023-08-20 04:00:00,661552.93125,-164175.5178,10.5,31.06265,83.71383
2023-08-20 04:30:00,661347.62844,-164547.52248,10.0,31.02814,83.71484
2023-08-20 05:00:00,661064.17294,-164844.9721,10.0,30.99811,83.71671
2023-08-20 05:30:00,660721.00934,-165057.9353,10.0,30.97374,83.7193
2023-08-20 06:00:00,660341.07552,-165180.13183,10.0,30.95601,83.72242
2023-08-20 06:30:00,659948.98374,-165216.44325,10.0,30.94503,83.72584
2023-08-20 07:00:00,659571.16841,-165168.83437,10.0,30.94119,83.72932
2023-08-20 07:30:00,659228.59102,-165047.58814,10.0,30.94409,83.73265
2023-08-20 08:00:00,658933.65468,-164856.79214,9.5,30.95366,83.73571
2023-08-20 08:30:00,658707.43613,-164628.44551,10.0,30.96772,83.73824
2023-08-20 09:00:00,658543.33047,-164366.41707,10.0,30.98582,83.74029
2023-08-20 09:30:00,658449.68223,-164086.45416,10.0,31.00684,83.74175
2023-08-20 10:00:00,658440.50508,-163804.84927,10.5,31.02973,83.74246
2023-08-20 10:30:00,658511.25558,-163523.91901,10.0,31.05419,83.74245
2023-08-20 11:00:00,658653.93503,-163291.72919,10.0,31.07612,83.74169
2023-08-20 11:30:00,658857.65153,-163110.94905,10.0,31.09507,83.74027
2023-08-20 12:00:00,659100.14727,-163008.3749,10.0,31.10839,83.73833
2023-08-20 12:30:00,659367.9531,-162984.36428,10.0,31.11578,83.73599
2023-08-20 13:00:00,659654.24417,-163048.53355,10.0,31.11632,83.73329
2023-08-20 13:30:00,659926.38932,-163188.0317,10.0,31.11041,83.73055
2023-08-20 14:00:00,660144.63632,-163405.10762,10.0,31.09707,83.72812
2023-08-20 14:30:00,660280.69757,-163682.67718,10.0,31.07713,83.72629
2023-08-20 15:00:00,660325.32316,-163985.52927,10.0,31.05328,83.72522
2023-08-20 15:30:00,660286.13199,-164282.80349,10.0,31.02819,83.72491
2023-08-20 16:00:00,660185.03629,-164550.94807,10.5,31.00422,83.72522
2023-08-20 16:30:00,659997.53567,-164789.33466,10.0,30.98092,83.72636
2023-08-20 17:00:00,659716.75593,-164967.43909,10.0,30.96063,83.72847
2023-08-20 17:30:00,659376.09072,-165089.16414,10.0,30.94371,83.73124
2023-08-20 18:00:00,659008.87254,-165142.3162,10.0,30.93184,83.7344
2023-08-20 18:30:00,658642.36873,-165116.57073,10.0,30.92643,83.73773
2023-08-20 19:00:00,658298.24053,-165019.43221,10.0,30.92732,83.74102
2023-08-20 19:30:00,657975.69706,-164858.51279,10.0,30.93388,83.74426
2023-08-20 20:00:00,657688.57353,-164645.5544,15.0,30.94544,83.7473
2023-08-20 20:30:00,657450.54701,-164383.93036,10.0,30.96201,83.75001
2023-08-20 21:00:00,657262.91971,-164077.18173,10.0,30.98333,83.75237
2023-08-20 21:30:00,657139.66585,-163736.36458,10.0,31.00878,83.75423
2023-08-20 22:00:00,657118.65436,-163370.986,10.0,31.03835,83.75523
2023-08-20 22:30:00,657204.24407,-163017.3124,10.0,31.06914,83.75525
2023-08-20 23:00:00,657382.53332,-162690.72194,10.0,31.09959,83.75438
2023-08-20 23:30:00,657644.46613,-162427.91313,10.0,31.12649,83.75262
2023-08-21 00:00:00,657962.93375,-162243.78229,10.0,31.14806,83.75018
2023-08-21 00:30:00,658314.51326,-162147.41887,10.0,31.16308,83.74725
2023-08-21 01:00:00,658660.17909,-162156.71905,10.0,31.1693,83.74414
2023-08-21 01:30:00,658987.53206,-162272.19912,10.0,31.16644,83.74096
2023-08-21 02:00:00,659267.40194,-162480.49319,10.0,31.15502,83.738
2023-08-21 02:30:00,659464.31335,-162761.86676,10.0,31.13595,83.73562
2023-08-21 03:00:00,659548.46265,-163091.64553,10.0,31.11065,83.73414
2023-08-21 03:30:00,659504.53246,-163436.38705,10.0,31.08154,83.73377
2023-08-21 04:00:00,659350.44189,-163773.23792,10.0,31.05084,83.7344
2023-08-21 04:30:00,659117.35404,-164080.32886,10.0,31.02096,83.7358
2023-08-21 05:00:00,658803.77968,-164354.71731,10.0,30.9921,83.73799
2023-08-21 05:30:00,658417.50124,-164560.86684,10.0,30.96732,83.74098
2023-08-21 06:00:00,657983.19432,-164680.99066,10.0,30.94858,83.74459
2023-08-21 06:30:00,657520.21887,-164696.21624,10.0,30.93783,83.74869
2023-08-21 07:00:00,657074.79968,-164583.18475,10.0,30.93795,83.75292
2023-08-21 07:30:00,656658.3203,-164363.52671,10.0,30.94742,83.75713
2023-08-21 08:00:00,656290.3152,-164052.9425,10.0,30.96537,83.76111
2023-08-21 08:30:00,656006.76677,-163672.86642,10.0,30.99079,83.76449
2023-08-21 09:00:00,655810.25403,-163243.93338,10.0,31.02204,83.7672
2023-08-21 09:30:00,655710.47281,-162803.2681,10.0,31.05626,83.76907
2023-08-21 10:00:00,655709.7536,-162368.31612,10.0,31.09205,83.77004
2023-08-21 10:30:00,655804.06935,-161973.36387,10.0,31.12649,83.77007
2023-08-21 11:00:00,655986.0693,-161589.3296,10.0,31.16181,83.76929
2023-08-21 11:30:00,656235.78551,-161229.11078,10.0,31.19653,83.76785
2023-08-21 12:00:00,656566.90651,-160964.68892,10.0,31.22499,83.76547
2023-08-21 12:30:00,656926.94664,-160800.76989,10.0,31.24574,83.76261
2023-08-21 13:00:00,657275.77339,-160728.09705,9.5,31.25874,83.75965
2023-08-21 13:30:00,657564.12108,-160724.29502,10.0,31.26485,83.75708
2023-08-21 14:00:00,657782.22078,-160806.55996,10.0,31.26247,83.75495
2023-08-21 14:30:00,657892.99635,-160911.52243,10.0,31.25607,83.75373
2023-08-21 15:00:00,657906.528,-161016.20807,10.0,31.24774,83.75338
2023-08-21 15:30:00,657829.51151,-161120.63629,10.0,31.23761,83.75384
2023-08-21 16:00:00,657661.69511,-161216.66148,10.0,31.22634,83.75513
2023-08-21 16:30:00,657435.03886,-161269.72782,10.0,31.21741,83.75704
2023-08-21 17:00:00,657158.95553,-161268.88437,10.0,31.21191,83.75951
2023-08-21 17:30:00,656807.97377,-161204.02168,10.0,31.21016,83.76279
2023-08-21 18:00:00,656384.919,-161045.41081,10.0,31.21467,83.76692
2023-08-21 18:30:00,655935.89049,-160801.12882,10.0,31.22572,83.77147
2023-08-21 19:00:00,655487.0476,-160473.77992,10.0,31.24364,83.7762
2023-08-21 19:30:00,655060.02326,-160061.46891,10.0,31.26904,83.78092
2023-08-21 20:00:00,654677.81476,-159579.4483,10.0,31.30114,83.78539
2023-08-21 20:30:00,654367.85006,-159043.10019,10.0,31.33923,83.78933
2023-08-21 21:00:00,654144.93992,-158459.90007,10.0,31.38299,83.79259
2023-08-21 21:30:00,654032.40325,-157862.22702,10.0,31.4302,83.79489
2023-08-21 22:00:00,654019.65463,-157275.08949,10.0,31.47856,83.79627
2023-08-21 22:30:00,654092.3338,-156744.28961,10.0,31.52397,83.79676
2023-08-21 23:00:00,654237.65238,-156248.90634,10.0,31.56789,83.79652
2023-08-21 23:30:00,654448.62505,-155813.76575,10.0,31.60811,83.79556
2023-08-22 00:00:00,654719.08109,-155460.55201,10.0,31.6427,83.79389
2023-08-22 00:30:00,655028.26284,-155206.71698,10.0,31.6698,83.79166
2023-08-22 01:00:00,655360.68145,-155061.65005,10.0,31.68833,83.78899
2023-08-22 01:30:00,655692.19742,-155000.39658,10.0,31.69989,83.78615
2023-08-22 02:00:00,655980.25538,-155028.4778,10.0,31.7032,83.78351
2023-08-22 02:30:00,656208.03034,-155122.69815,10.0,31.69986,83.78127
2023-08-22 03:00:00,656350.38986,-155271.26382,10.0,31.69036,83.77968
2023-08-22 03:30:00,656397.78535,-155448.34143,10.0,31.67665,83.77888
2023-08-22 04:00:00,656354.92127,-155621.70867,10.5,31.66148,83.7789
2023-08-22 04:30:00,656222.60619,-155777.51122,10.0,31.64601,83.77975
2023-08-22 05:00:00,656027.37875,-155889.62095,10.0,31.63291,83.78126
2023-08-22 05:30:00,655768.44436,-155940.78925,10.0,31.62359,83.78347
2023-08-22 06:00:00,655456.504,-155928.37503,10.0,31.61848,83.78629
2023-08-22 06:30:00,655108.20094,-155852.88559,10.0,31.61787,83.78957
2023-08-22 07:00:00,654743.6134,-155695.63709,10.0,31.62371,83.79317
2023-08-22 07:30:00,654387.72766,-155459.45443,9.5,31.63627,83.79686
2023-08-22 08:00:00,654068.02321,-155155.3484,10.0,31.65519,83.80037
2023-08-22 08:30:00,653804.19432,-154794.11754,10.0,31.67997,83.8035
2023-08-22 09:00:00,653598.58012,-154374.9212,10.0,31.71073,83.80623
2023-08-22 09:30:00,653461.03346,-153921.77136,10.0,31.74567,83.80842
2023-08-22 10:00:00,653395.95033,-153444.06657,10.0,31.78409,83.81001
2023-08-22 10:30:00,653413.81254,-152987.2227,10.0,31.82241,83.81081
2023-08-22 11:00:00,653509.28001,-152540.67532,10.0,31.86139,83.81089
2023-08-22 11:30:00,653693.13034,-152149.10392,10.0,31.89751,83.81006
2023-08-22 12:00:00,653933.73736,-151828.92554,10.0,31.92878,83.80857
2023-08-22 12:30:00,654200.75707,-151576.76118,10.0,31.95489,83.8067
2023-08-22 13:00:00,654465.43446,-151401.60194,10.0,31.97454,83.80469
2023-08-22 13:30:00,654728.09204,-151292.7485,10.0,31.98863,83.80256
2023-08-22 14:00:00,654959.24228,-151262.23457,10.0,31.9956,83.80055
2023-08-22 14:30:00,655123.61846,-151293.93427,10.0,31.99612,83.79901
2023-08-22 15:00:00,655201.33186,-151367.77263,10.0,31.99148,83.79816
2023-08-22 15:30:00,655193.42309,-151474.35995,10.0,31.98248,83.79801
2023-08-22 16:00:00,655101.28359,-151577.28262,10.5,31.97217,83.79862
2023-08-22 16:30:00,654901.38074,-151652.26075,10.0,31.9621,83.80026
2023-08-22 17:00:00,654614.01487,-151684.5506,10.0,31.95389,83.80277
2023-08-22 17:30:00,654269.88689,-151644.15673,10.0,31.95062,83.80594
2023-08-22 18:00:00,653878.46043,-151523.97146,10.0,31.95307,83.8097
2023-08-22 18:30:00,653448.0514,-151307.30905,10.0,31.9628,83.81401
2023-08-22 19:00:00,652991.20174,-150978.31435,10.0,31.98139,83.81879
2023-08-22 19:30:00,652539.52956,-150544.46004,10.0,32.00885,83.82374
2023-08-22 20:00:00,652116.33899,-150015.22527,10.0,32.04486,83.82863
2023-08-22 20:30:00,651733.26793,-149397.34028,10.0,32.0891,83.83334
2023-08-22 21:00:00,651406.28962,-148712.57346,10.0,32.14007,83.83768
2023-08-22 21:30:00,651153.29977,-147984.17456,10.0,32.19617,83.84144
2023-08-22 22:00:00,650997.72497,-147252.94906,10.5,32.25442,83.84433
2023-08-22 22:30:00,650928.82103,-146499.7647,10.0,32.3162,83.84647
2023-08-22 23:00:00,650949.79197,-145781.53101,10.0,32.37678,83.84773
2023-08-22 23:30:00,651046.34198,-145110.25344,10.0,32.43486,83.84821
2023-08-23 00:00:00,651217.00234,-144497.97701,10.0,32.48938,83.8479
2023-08-23 00:30:00,651444.72003,-143967.0444,10.0,32.53813,83.84691
2023-08-23 01:00:00,651700.25266,-143529.81927,10.0,32.57952,83.84548
2023-08-23 01:30:00,651974.22601,-143199.46638,10.0,32.61227,83.84367
2023-08-23 02:00:00,652227.34481,-142968.34558,9.5,32.6363,83.84185
2023-08-23 02:30:00,652461.70909,-142827.46105,10.0,32.65241,83.84002
2023-08-23 03:00:00,652666.56181,-142765.35221,10.0,32.66137,83.8383
2023-08-23 03:30:00,652827.39207,-142777.37067,10.0,32.66331,83.83683
2023-08-23 04:00:00,652931.75324,-142801.97652,10.5,32.66316,83.83584
2023-08-23 04:30:00,653003.47982,-142790.80371,10.0,32.66541,83.83522
2023-08-23 05:00:00,653042.10717,-142797.22,10.0,32.66558,83.83486
2023-08-23 05:30:00,653009.31326,-142799.72227,10.0,32.66477,83.83515
2023-08-23 06:00:00,652945.55276,-142755.68809,10.0,32.66729,83.83581
2023-08-23 06:30:00,652848.05651,-142662.501,10.0,32.67331,83.83687
2023-08-23 07:00:00,652731.27261,-142535.40621,10.0,32.68182,83.83817
2023-08-23 07:30:00,652623.1529,-142358.33819,10.0,32.69468,83.83949
2023-08-23 08:00:00,652523.15671,-142113.20138,10.0,32.7134,83.84087
2023-08-23 08:30:00,652455.07753,-141807.84427,10.0,32.73776,83.84208
2023-08-23 09:00:00,652429.02655,-141472.13437,10.0,32.76544,83.84297
2023-08-23 09:30:00,652449.7174,-141099.42799,10.0,32.79708,83.84351
2023-08-23 10:00:00,652530.14112,-140706.41861,10.0,32.83151,83.84355
2023-08-23 10:30:00,652657.02708,-140349.38449,10.0,32.86376,83.8431
2023-08-23 11:00:00,652843.88287,-139991.44876,10.0,32.89716,83.84211
2023-08-23 11:30:00,653096.91575,-139645.03174,10.0,32.93077,83.8405
2023-08-23 12:00:00,653418.66257,-139324.26242,10.0,32.96344,83.83822
2023-08-23 12:30:00,653792.3113,-139071.7278,10.0,32.99129,83.83534
2023-08-23 13:00:00,654186.59667,-138914.7815,10.0,33.01147,83.83209
2023-08-23 13:30:00,654584.47435,-138840.0006,10.0,33.02481,83.82865
2023-08-23 14:00:00,654965.90444,-138842.66178,10.0,33.03136,83.82521
2023-08-23 14:30:00,655321.98056,-138912.52722,10.0,33.03183,83.82187
2023-08-23 15:00:00,655629.5928,-139043.37927,10.0,33.02634,83.81885
2023-08-23 15:30:00,655873.20667,-139224.59758,10.0,33.01551,83.81631
2023-08-23 16:00:00,656037.95876,-139431.88915,10.0,33.00111,83.81443
2023-08-23 16:30:00,656105.9154,-139629.34083,10.0,32.98582,83.81344
2023-08-23 17:00:00,656093.14009,-139809.28857,10.0,32.97056,83.81321
2023-08-23 17:30:00,656015.04584,-139967.1725,10.0,32.95598,83.81361
2023-08-23 18:00:00,655854.3034,-140074.94183,10.0,32.94411,83.81485
2023-08-23 18:30:00,655639.56918,-140112.95683,10.0,32.9371,83.81671
2023-08-23 19:00:00,655395.81832,-140078.80817,10.0,32.9356,83.81897
2023-08-23 19:30:00,655135.09397,-139973.34447,10.0,32.93976,83.82152
2023-08-23 20:00:00,654877.30452,-139802.10172,10.0,32.94948,83.82417
2023-08-23 20:30:00,654639.69559,-139577.80677,10.0,32.96401,83.82674
2023-08-23 21:00:00,654445.11512,-139297.26913,10.0,32.98403,83.82903
2023-08-23 21:30:00,654289.05969,-138970.91075,10.0,33.00859,83.83106
2023-08-23 22:00:00,654172.23801,-138579.33322,10.0,33.03933,83.83286
2023-08-23 22:30:00,654128.16519,-138152.535,10.0,33.07433,83.83407
2023-08-23 23:00:00,654158.41355,-137714.24562,10.0,33.11162,83.83463
2023-08-23 23:30:00,654258.53535,-137290.69931,10.0,33.14891,83.83453
2023-08-24 00:00:00,654431.86892,-136903.07617,10.0,33.18447,83.8337
2023-08-24 00:30:00,654660.28831,-136558.66095,10.0,33.21736,83.83229
2023-08-24 01:00:00,654933.01475,-136293.52293,10.0,33.24436,83.83033
2023-08-24 01:30:00,655243.20646,-136098.34837,10.0,33.26613,83.8279
2023-08-24 02:00:00,655556.43234,-135979.01843,10.0,33.28158,83.8253
2023-08-24 02:30:00,655842.81693,-135919.39322,10.0,33.29155,83.82283
2023-08-24 03:00:00,656067.63624,-135899.82639,10.0,33.29709,83.82084
2023-08-24 03:30:00,656246.28179,-135921.06409,10.0,33.29841,83.81919
2023-08-24 04:00:00,656372.8211,-135974.27391,10.0,33.29615,83.81795
2023-08-24 04:30:00,656430.54391,-136016.93984,10.0,33.29358,83.81735
2023-08-24 05:00:00,656427.66659,-136036.17863,10.0,33.29192,83.81734
2023-08-24 05:30:00,656367.97492,-136003.0193,10.0,33.29366,83.81794
2023-08-24 06:00:00,656264.48735,-135926.69631,10.5,33.29825,83.81902
2023-08-24 06:30:00,656123.97953,-135766.99488,10.0,33.30919,83.82058
2023-08-24 07:00:00,656003.62236,-135501.40434,10.0,33.32935,83.82216
2023-08-24 07:30:00,655899.09437,-135174.75703,10.0,33.35491,83.82371
2023-08-24 08:00:00,655819.13032,-134749.52477,10.0,33.38917,83.82522
2023-08-24 08:30:00,655818.79068,-134253.74207,10.0,33.43073,83.82614
2023-08-24 09:00:00,655916.10372,-133717.68905,10.0,33.47735,83.82625
2023-08-24 09:30:00,656094.23448,-133141.66816,10.0,33.5287,83.8257
2023-08-24 10:00:00,656375.30081,-132530.64916,10.0,33.58472,83.82428
2023-08-24 10:30:00,656752.45743,-131934.45218,10.0,33.64109,83.82196
2023-08-24 11:00:00,657219.57206,-131378.15478,10.0,33.69558,83.81875
2023-08-24 11:30:00,657736.10429,-130887.69702,10.0,33.74532,83.81497
2023-08-24 12:00:00,658313.59141,-130433.54293,10.0,33.79297,83.81057
2023-08-24 12:30:00,658916.28193,-130045.67958,10.0,33.83542,83.80582
2023-08-24 13:00:00,659527.7011,-129735.39117,10.0,33.87146,83.80085
2023-08-24 13:30:00,660141.26782,-129497.45756,10.0,33.90143,83.79573
2023-08-24 14:00:00,660742.48225,-129310.3959,10.0,33.9269,83.79063
2023-08-24 14:30:00,661350.30517,-129196.49987,10.0,33.94633,83.78534
2023-08-24 15:00:00,661952.1239,-129158.38959,10.0,33.95931,83.77997
2023-08-24 15:30:00,662488.95151,-129184.01638,10.5,33.9659,83.77507
2023-08-24 16:00:00,662978.83112,-129274.0377,10.0,33.96636,83.77049
2023-08-24 16:30:00,663390.00839,-129384.74043,10.0,33.96382,83.76658
2023-08-24 17:00:00,663735.48168,-129554.21548,10.0,33.95533,83.76316
2023-08-24 17:30:00,664027.62394,-129752.96964,10.0,33.94355,83.76017
2023-08-24 18:00:00,664259.07659,-129910.97874,10.0,33.93418,83.7578
2023-08-24 18:30:00,664442.99959,-130028.94526,10.0,33.92737,83.75593
2023-08-24 19:00:00,664563.66112,-130142.0402,10.0,33.91994,83.75464
2023-08-24 19:30:00,664625.46959,-130233.40048,10.0,33.91336,83.75392
2023-08-24 20:00:00,664656.52042,-130295.25811,10.0,33.90873,83.75353
2023-08-24 20:30:00,664679.14869,-130270.17997,10.0,33.91118,83.75337
2023-08-24 21:00:00,664707.42625,-130176.69882,10.0,33.9194,83.75328
2023-08-24 21:30:00,664759.60791,-130017.54218,10.0,33.93346,83.75309
2023-08-24 22:00:00,664854.45374,-129798.40573,10.0,33.95319,83.75262
2023-08-24 22:30:00,665024.23341,-129557.8138,10.0,33.97591,83.75151
2023-08-24 23:00:00,665242.97593,-129298.20647,10.0,34.00099,83.74999
2023-08-24 23:30:00,665493.80875,-129037.92541,10.0,34.02663,83.74818
2023-08-25 00:00:00,665804.36817,-128805.26543,10.5,34.05092,83.74578
2023-08-25 00:30:00,666172.78217,-128599.76278,10.0,34.07387,83.74281
2023-08-25 01:00:00,666585.80868,-128471.82199,10.0,34.09108,83.7393
2023-08-25 01:30:00,667030.62507,-128408.31953,10.0,34.10344,83.73539
2023-08-25 02:00:00,667493.50096,-128417.56832,10.0,34.11005,83.73119
2023-08-25 02:30:00,667932.60516,-128492.85888,10.0,34.11081,83.72709
2023-08-25 03:00:00,668330.85761,-128648.22063,10.0,34.1043,83.72322
2023-08-25 03:30:00,668682.87308,-128859.77194,10.5,34.09242,83.71967
2023-08-25 04:00:00,668967.22333,-129095.00532,10.0,34.07752,83.71669
2023-08-25 04:30:00,669179.85539,-129369.01202,10.0,34.05829,83.71429
2023-08-25 05:00:00,669324.05422,-129681.69689,10.0,34.03479,83.71244
2023-08-25 05:30:00,669391.84465,-130005.41529,10.0,34.00917,83.71126
2023-08-25 06:00:00,669378.88077,-130328.20152,10.0,33.98234,83.71081
2023-08-25 06:30:00,669267.83284,-130619.64266,10.0,33.95652,83.7113
2023-08-25 07:00:00,669072.01616,-130862.68541,10.0,33.93332,83.71264
2023-08-25 07:30:00,668809.15657,-131046.16396,10.0,33.91394,83.71469
2023-08-25 08:00:00,668496.51736,-131150.04626,10.0,33.90031,83.71733
2023-08-25 08:30:00,668147.65138,-131167.58804,10.0,33.89321,83.72045
2023-08-25 09:00:00,667799.14915,-131081.74136,10.0,33.89465,83.72375
2023-08-25 09:30:00,667472.95619,-130910.40319,9.5,33.90352,83.727
2023-08-25 10:00:00,667175.22071,-130655.88223,10.0,33.91974,83.73014
2023-08-25 10:30:00,666916.68522,-130330.79361,10.0,33.94245,83.73305
2023-08-25 11:00:00,666698.99278,-129948.94342,10.0,33.97054,83.73569
2023-08-25 11:30:00,666535.75025,-129548.02444,10.0,34.00111,83.73787
2023-08-25 12:00:00,666440.02746,-129123.15737,10.0,34.03477,83.73948
2023-08-25 12:30:00,666430.08882,-128699.74506,10.0,34.0697,83.74031
2023-08-25 13:00:00,666484.49631,-128331.535,10.0,34.10109,83.74046
2023-08-25 13:30:00,666566.09872,-128068.32407,10.0,34.12421,83.74018
2023-08-25 14:00:00,666639.02179,-127861.32594,10.0,34.14253,83.73988
2023-08-25 14:30:00,666688.10976,-127714.88145,10.0,34.15545,83.73969
2023-08-25 15:00:00,666700.62704,-127609.07622,10.0,34.16442,83.73976
2023-08-25 15:30:00,666665.90328,-127530.42253,9.5,34.17039,83.74021
2023-08-25 16:00:00,666574.69918,-127486.8063,10.0,34.17256,83.74111
2023-08-25 16:30:00,666418.50848,-127476.46569,10.0,34.17094,83.74254
2023-08-25 17:00:00,666189.39798,-127500.37719,10.0,34.16532,83.74457
2023-08-25 17:30:00,665888.3048,-127542.02703,10.0,34.15708,83.74722
2023-08-25 18:00:00,665513.38389,-127579.31424,10.5,34.14802,83.75054
2023-08-25 18:30:00,665044.55802,-127581.14094,10.0,34.1404,83.75478
2023-08-25 19:00:00,664499.29586,-127499.98664,10.0,34.13845,83.75985
2023-08-25 19:30:00,663937.95024,-127289.31767,10.0,34.14702,83.76529
2023-08-25 20:00:00,663374.5589,-126985.29637,10.0,34.16335,83.77091
2023-08-25 20:30:00,662797.20056,-126574.64496,10.0,34.18838,83.77684
2023-08-25 21:00:00,662219.16891,-126056.52484,10.0,34.22242,83.78296
2023-08-25 21:30:00,661690.58021,-125457.18389,10.0,34.2641,83.78877
2023-08-25 22:00:00,661229.07987,-124773.31485,10.5,34.31399,83.79411
2023-08-25 22:30:00,660857.33386,-124019.81861,10.0,34.37121,83.79876
2023-08-25 23:00:00,660562.1445,-123264.44821,10.0,34.42987,83.80271
2023-08-25 23:30:00,660328.80521,-122487.47025,10.0,34.49138,83.80613
2023-08-26 00:00:00,660182.35276,-121726.2509,10.0,34.55298,83.80873
2023-08-26 00:30:00,660125.85122,-121012.26193,10.0,34.61205,83.81043
2023-08-26 01:00:00,660120.35724,-120365.80962,10.0,34.66626,83.81155
2023-08-26 01:30:00,660141.54384,-119775.8409,10.5,34.71615,83.81233
2023-08-26 02:00:00,660167.21413,-119304.85957,10.0,34.75612,83.81287
2023-08-26 02:30:00,660189.65083,-118923.55149,10.0,34.78851,83.81329
2023-08-26 03:00:00,660240.00237,-118631.40639,10.0,34.81383,83.81331
2023-08-26 03:30:00,660278.61917,-118397.82143,10.0,34.83405,83.81334
2023-08-26 04:00:00,660276.93129,-118213.33354,10.5,34.84954,83.81365
2023-08-26 04:30:00,660228.0394,-118076.33076,10.0,34.86032,83.81432
2023-08-26 05:00:00,660119.85642,-117959.25177,10.0,34.86854,83.81549
2023-08-26 05:30:00,660003.63318,-117825.32193,10.0,34.87806,83.81676
2023-08-26 06:00:00,659899.12291,-117675.10793,10.0,34.88913,83.81795
2023-08-26 06:30:00,659775.8091,-117494.03247,10.0,34.90252,83.81936
2023-08-26 07:00:00,659676.67304,-117263.64319,10.0,34.92043,83.82063
2023-08-26 07:30:00,659621.22191,-116985.63725,10.0,34.94301,83.82158
2023-08-26 08:00:00,659584.29498,-116677.15574,10.0,34.96844,83.82241
2023-08-26 08:30:00,659579.37349,-116299.02812,10.0,35.00022,83.82306
2023-08-26 09:00:00,659636.25296,-115863.00579,10.0,35.0378,83.82324
2023-08-26 09:30:00,659752.25126,-115408.87189,10.0,35.07778,83.82291
2023-08-26 10:00:00,659922.46177,-114932.8016,10.0,35.1204,83.82212
2023-08-26 10:30:00,660170.46855,-114450.98262,10.0,35.16463,83.82063
2023-08-26 11:00:00,660500.77811,-113968.98608,10.0,35.21005,83.81839
2023-08-26 11:30:00,660916.55104,-113525.97557,10.0,35.25339,83.81531
2023-08-26 12:00:00,661385.21953,-113125.83193,10.0,35.29384,83.81168
2023-08-26 12:30:00,661878.55012,-112766.53048,10.0,35.33116,83.80776
2023-08-26 13:00:00,662395.78142,-112472.45266,10.0,35.36329,83.80352
2023-08-26 13:30:00,662909.6516,-112268.56679,10.0,35.38775,83.79917
2023-08-26 14:00:00,663386.88339,-112150.37697,10.0,35.40446,83.79502
2023-08-26 14:30:00,663840.42751,-112048.18056,10.0,35.41947,83.79106
2023-08-26 15:00:00,664259.86735,-111965.04631,10.0,35.43238,83.78738
2023-08-26 15:30:00,664630.72907,-111915.06465,10.0,35.44181,83.78409
2023-08-26 16:00:00,664942.7598,-111880.7252,10.0,35.44909,83.78131
2023-08-26 16:30:00,665186.78873,-111851.11064,10.0,35.45501,83.77914
2023-08-26 17:00:00,665346.63543,-111856.9731,10.0,35.45677,83.77768
2023-08-26 17:30:00,665422.96197,-111841.98016,10.0,35.4591,83.77701
2023-08-26 18:00:00,665437.70546,-111787.01715,10.0,35.46391,83.77696
2023-08-26 18:30:00,665409.5936,-111705.15509,10.0,35.47037,83.77734
2023-08-26 19:00:00,665344.8298,-111572.50143,10.0,35.48057,83.77813
2023-08-26 19:30:00,665249.37114,-111353.33126,10.0,35.49759,83.77933
2023-08-26 20:00:00,665134.18851,-111060.66082,10.0,35.5205,83.78082
2023-08-26 20:30:00,665043.14166,-110688.51961,10.0,35.55042,83.78221
2023-08-26 21:00:00,665018.33181,-110267.77751,10.0,35.58535,83.78307
2023-08-26 21:30:00,665043.6018,-109822.27493,10.0,35.62306,83.78351
2023-08-26 22:00:00,665135.1618,-109333.37078,10.0,35.66533,83.78341
2023-08-26 22:30:00,665295.41744,-108826.00339,10.0,35.71009,83.78271
2023-08-26 23:00:00,665520.27881,-108304.58882,10.0,35.7569,83.78144
2023-08-26 23:30:00,665792.83865,-107812.01341,10.0,35.80192,83.77969
2023-08-27 00:00:00,666114.22097,-107355.27039,10.0,35.84457,83.77744
2023-08-27 00:30:00,666484.69813,-106926.19805,10.0,35.88553,83.7747
2023-08-27 01:00:00,666881.57681,-106543.16513,10.0,35.92295,83.77165
2023-08-27 01:30:00,667319.8793,-106222.88854,10.0,35.95563,83.76813
2023-08-27 02:00:00,667765.14371,-105982.13145,10.0,35.98171,83.76443
2023-08-27 02:30:00,668190.94471,-105807.85685,10.0,36.00194,83.76081
2023-08-27 03:00:00,668562.94143,-105695.12585,10.0,36.01629,83.75759
2023-08-27 03:30:00,668889.14643,-105628.35509,10.0,36.02618,83.75472
2023-08-27 04:00:00,669152.32466,-105598.45452,10.0,36.03215,83.75237
2023-08-27 04:30:00,669347.75037,-105586.67014,10.0,36.03571,83.75061
2023-08-27 05:00:00,669489.63681,-105572.64671,10.0,36.03875,83.74934
2023-08-27 05:30:00,669585.25518,-105559.09988,10.0,36.04114,83.74849
2023-08-27 06:00:00,669619.07911,-105539.8784,10.0,36.04319,83.74821
2023-08-27 06:30:00,669575.34528,-105489.39105,10.0,36.04683,83.74868
2023-08-27 07:00:00,669461.40546,-105381.87412,10.0,36.05431,83.74987
2023-08-27 07:30:00,669284.42925,-105185.59505,10.0,36.06838,83.75176
2023-08-27 08:00:00,669068.56777,-104907.46006,10.0,36.08879,83.75412
2023-08-27 08:30:00,668834.28762,-104528.56693,10.0,36.1174,83.75679
2023-08-27 09:00:00,668597.6858,-104057.57376,10.0,36.15371,83.75961
2023-08-27 09:30:00,668390.61247,-103500.64394,10.0,36.19763,83.76228
2023-08-27 10:00:00,668246.40955,-102854.03427,10.0,36.24991,83.7645
2023-08-27 10:30:00,668189.00153,-102131.99449,10.0,36.30966,83.76603
2023-08-27 11:00:00,668239.09017,-101370.06526,10.0,36.37415,83.76663
2023-08-27 11:30:00,668413.41675,-100587.13973,10.0,36.44198,83.76612
2023-08-27 12:00:00,668695.00857,-99807.68436,10.0,36.51085,83.76462
2023-08-27 12:30:00,669069.69174,-99097.46075,10.0,36.57504,83.76217
2023-08-27 13:00:00,669543.88974,-98451.39964,10.0,36.63503,83.75872
2023-08-27 13:30:00,670101.35538,-97906.64461,10.0,36.68749,83.75437
2023-08-27 14:00:00,670745.62195,-97470.79915,10.0,36.73182,83.74908
2023-08-27 14:30:00,671472.05214,-97131.95384,10.0,36.76896,83.74291
2023-08-27 15:00:00,672209.77293,-96926.06972,10.0,36.79506,83.73646
2023-08-27 15:30:00,672938.92435,-96839.86646,10.0,36.81102,83.72993
2023-08-27 16:00:00,673613.83816,-96856.78158,10.5,36.8177,83.72376
2023-08-27 16:30:00,674222.43872,-96958.87195,10.0,36.81649,83.71808
2023-08-27 17:00:00,674715.96592,-97106.5313,10.0,36.81011,83.71339
2023-08-27 17:30:00,675094.4868,-97267.68786,10.0,36.80124,83.70973
2023-08-27 18:00:00,675345.82755,-97427.71042,10.0,36.79095,83.70723
2023-08-27 18:30:00,675493.09545,-97540.54346,10.0,36.78334,83.70574
2023-08-27 19:00:00,675547.98242,-97593.72631,10.0,36.77958,83.70517
2023-08-27 19:30:00,675572.01798,-97556.51379,10.5,36.78296,83.705
2023-08-27 20:00:00,675541.80185,-97492.09005,10.0,36.78795,83.70536
2023-08-27 20:30:00,675501.22053,-97316.78289,10.0,36.80203,83.70596
2023-08-27 21:00:00,675498.36801,-97016.13334,10.0,36.82698,83.70638
2023-08-27 21:30:00,675519.3859,-96647.47416,10.0,36.85787,83.70667
2023-08-27 22:00:00,675565.96039,-96205.85943,10.0,36.89513,83.70682
2023-08-27 22:30:00,675670.7986,-95745.93917,10.0,36.9346,83.70646
2023-08-27 23:00:00,675889.92045,-95220.14853,10.0,36.98088,83.70514
2023-08-27 23:30:00,676193.76495,-94712.84864,10.0,37.02659,83.70302
2023-08-28 00:00:00,676583.04325,-94211.17596,10.0,37.07279,83.70011
2023-08-28 00:30:00,677078.44948,-93747.76631,10.5,37.11699,83.69618
2023-08-28 01:00:00,677662.86243,-93311.97392,10.0,37.15986,83.6914
2023-08-28 01:30:00,678308.23763,-92916.67062,10.0,37.2,83.68601
2023-08-28 02:00:00,679041.00326,-92561.5403,10.0,37.23773,83.67977
2023-08-28 02:30:00,679835.78783,-92312.76749,10.0,37.26728,83.67283
2023-08-28 03:00:00,680638.27055,-92175.90621,10.0,37.2876,83.66568
2023-08-28 03:30:00,681433.11228,-92127.43732,10.0,37.30049,83.65849
2023-08-28 04:00:00,682158.82149,-92180.62178,10.5,37.3042,83.65181
2023-08-28 04:30:00,682824.30765,-92306.4207,10.0,37.30124,83.64558
2023-08-28 05:00:00,683414.88725,-92463.14134,10.0,37.29491,83.64
2023-08-28 05:30:00,683929.6566,-92653.37112,10.0,37.28499,83.63507
2023-08-28 06:00:00,684312.04378,-92849.4275,10.0,37.27313,83.63134
2023-08-28 06:30:00,684613.16585,-93013.92187,10.0,37.26297,83.62839
2023-08-28 07:00:00,684837.03289,-93133.56902,10.0,37.25564,83.6262
2023-08-28 07:30:00,684992.57468,-93215.36133,10.0,37.25066,83.62468
2023-08-28 08:00:00,685109.25678,-93244.27109,10.0,37.24959,83.62358
2023-08-28 08:30:00,685200.51918,-93202.12384,10.0,37.25407,83.6228
2023-08-28 09:00:00,685273.84347,-93074.08402,10.0,37.2654,83.62229
2023-08-28 09:30:00,685334.72672,-92859.67588,10.0,37.28368,83.622
2023-08-28 10:00:00,685403.42679,-92570.66042,10.0,37.30817,83.62173
2023-08-28 10:30:00,685549.77382,-92233.23463,10.0,37.33749,83.62081
2023-08-28 11:00:00,685798.74812,-91832.08949,10.0,37.37316,83.61903
2023-08-28 11:30:00,686125.01608,-91408.21722,10.0,37.41152,83.61657
2023-08-28 12:00:00,686539.81167,-90975.59922,10.0,37.45153,83.61331
2023-08-28 12:30:00,687043.3418,-90582.23643,10.0,37.48924,83.60919
2023-08-28 13:00:00,687646.70023,-90244.22517,10.5,37.52344,83.60409
2023-08-28 13:30:00,688308.68363,-89967.20996,10.0,37.55322,83.59838
2023-08-28 14:00:00,688971.1158,-89769.45662,10.0,37.57647,83.59257
2023-08-28 14:30:00,689651.27415,-89653.66038,10.0,37.59317,83.5865
2023-08-28 15:00:00,690315.10928,-89629.44826,10.0,37.60219,83.58047
2023-08-28 15:30:00,690934.65961,-89701.55131,10.0,37.60287,83.57473
2023-08-28 16:00:00,691458.20751,-89858.76947,10.5,37.5956,83.56977
2023-08-28 16:30:00,691910.31624,-90085.48828,10.0,37.58192,83.56537
2023-08-28 17:00:00,692278.32508,-90347.33368,10.0,37.56451,83.5617
2023-08-28 17:30:00,692593.62791,-90626.25796,10.0,37.54517,83.55849
2023-08-28 18:00:00,692813.90269,-90910.54172,10.0,37.5244,83.55614
2023-08-28 18:30:00,692930.13749,-91151.91704,10.0,37.50602,83.55479
2023-08-28 19:00:00,692978.22786,-91352.65404,10.0,37.49022,83.55411
2023-08-28 19:30:00,692947.00269,-91527.19518,10.5,37.4757,83.55418
2023-08-28 20:00:00,692839.53142,-91655.97623,10.0,37.46408,83.55501
2023-08-28 20:30:00,692680.06534,-91693.18838,10.0,37.45934,83.55642
2023-08-28 21:00:00,692499.05754,-91628.15196,10.0,37.46268,83.55815
2023-08-28 21:30:00,692327.75899,-91456.47597,10.0,37.4748,83.55992
2023-08-28 22:00:00,692228.2936,-91199.49326,10.5,37.49464,83.56114
2023-08-28 22:30:00,692181.10704,-90889.07459,10.0,37.51939,83.56194
2023-08-28 23:00:00,692195.60632,-90544.31708,10.0,37.5476,83.56222
2023-08-28 23:30:00,692275.91363,-90172.53096,10.0,37.57871,83.56193
2023-08-29 00:00:00,692442.31789,-89777.34621,10.0,37.61263,83.56088
2023-08-29 00:30:00,692695.42482,-89387.56027,10.0,37.64701,83.55903
2023-08-29 01:00:00,693033.52658,-89024.92277,10.0,37.68005,83.55637
2023-08-29 01:30:00,693429.74019,-88728.54603,9.5,37.70828,83.5531
2023-08-29 02:00:00,693868.33732,-88502.20008,10.0,37.73123,83.54936
2023-08-29 02:30:00,694324.31658,-88362.21217,10.0,37.74732,83.54536
2023-08-29 03:00:00,694771.38275,-88317.8188,10.0,37.75554,83.54133
2023-08-29 03:30:00,695181.77181,-88380.95963,10.0,37.75465,83.53751
2023-08-29 04:00:00,695528.04677,-88523.14881,10.5,37.74669,83.53418
2023-08-29 04:30:00,695806.99259,-88726.88838,10.0,37.73306,83.5314
2023-08-29 05:00:00,695989.2593,-88972.34615,10.0,37.71506,83.52945
2023-08-29 05:30:00,696077.68382,-89231.47307,10.0,37.69499,83.52834
2023-08-29 06:00:00,696077.498,-89480.40601,10.0,37.67483,83.52805
2023-08-29 06:30:00,695981.72456,-89688.26633,10.0,37.657,83.52868
2023-08-29 07:00:00,695803.21602,-89840.57759,10.0,37.6428,83.53013
2023-08-29 07:30:00,695576.21699,-89935.43622,10.0,37.63274,83.53209
2023-08-29 08:00:00,695293.85846,-89958.39829,10.0,37.62792,83.53464
2023-08-29 08:30:00,694982.64459,-89899.51043,10.0,37.62943,83.53755
2023-08-29 09:00:00,694662.09402,-89760.29415,10.0,37.63736,83.54064
2023-08-29 09:30:00,694354.99304,-89542.20831,10.0,37.65184,83.5437
2023-08-29 10:00:00,694105.96217,-89253.87565,10.5,37.67264,83.54631
2023-08-29 10:30:00,693918.85451,-88895.3943,10.0,37.69981,83.54844
2023-08-29 11:00:00,693804.13884,-88507.42538,10.0,37.73014,83.54994
2023-08-29 11:30:00,693748.56642,-88109.30316,10.0,37.76192,83.55091
2023-08-29 12:00:00,693751.6788,-87730.40559,10.0,37.79275,83.55132
2023-08-29 12:30:00,693794.06216,-87385.90036,10.0,37.82119,83.55133
2023-08-29 13:00:00,693860.42701,-87086.24422,10.5,37.84623,83.55107
2023-08-29 13:30:00,693927.8589,-86808.55819,10.0,37.86949,83.55077
2023-08-29 14:00:00,694000.99032,-86573.76552,10.0,37.88932,83.55037
2023-08-29 14:30:00,694067.09291,-86429.95964,10.0,37.90168,83.54993
2023-08-29 15:00:00,694112.38735,-86391.55775,10.0,37.90526,83.54956
2023-08-29 15:30:00,694144.68841,-86448.72658,10.0,37.90094,83.5492
2023-08-29 16:00:00,694150.24284,-86597.4287,10.0,37.88891,83.54898
2023-08-29 16:30:00,694077.94714,-86808.01737,10.0,37.87106,83.5494
2023-08-29 17:00:00,693903.99865,-87051.46982,10.0,37.8495,83.55071
2023-08-29 17:30:00,693649.29714,-87309.24929,10.0,37.82594,83.55274
2023-08-29 18:00:00,693297.71129,-87570.10033,10.0,37.80112,83.55565
2023-08-29 18:30:00,692874.05883,-87802.25002,10.0,37.77787,83.55925
2023-08-29 19:00:00,692377.65922,-87994.0095,10.0,37.75713,83.56356
2023-08-29 19:30:00,691821.12641,-88124.01761,10.0,37.74077,83.56849
2023-08-29 20:00:00,691247.34864,-88182.73127,10.0,37.73002,83.57366
2023-08-29 20:30:00,690650.927,-88195.58414,10.0,37.72276,83.57909
2023-08-29 21:00:00,690045.02824,-88145.38417,10.0,37.72054,83.58468
2023-08-29 21:30:00,689450.66163,-88056.37505,10.0,37.72161,83.59021
2023-08-29 22:00:00,688879.36489,-87906.79506,10.0,37.72788,83.5956
2023-08-29 22:30:00,688391.20381,-87697.85935,10.0,37.73989,83.6003
2023-08-29 23:00:00,687953.66708,-87443.72304,10.0,37.75615,83.60459
2023-08-29 23:30:00,687579.86534,-87144.28514,10.0,37.77681,83.60835
2023-08-30 00:00:00,687279.48627,-86809.08816,10.0,37.80119,83.61148
2023-08-30 00:30:00,687050.35216,-86481.08003,10.0,37.82574,83.61395
2023-08-30 01:00:00,686893.51981,-86186.72748,10.0,37.84829,83.61572
2023-08-30 01:30:00,686803.43991,-85953.10549,10.0,37.86655,83.61681
2023-08-30 02:00:00,686765.7238,-85790.61402,10.0,37.87951,83.61734
2023-08-30 02:30:00,686755.10083,-85700.30246,10.0,37.88682,83.61754
2023-08-30 03:00:00,686731.02273,-85700.21912,10.0,37.88658,83.61776
2023-08-30 03:30:00,686682.13925,-85802.32558,10.0,37.87769,83.61809
2023-08-30 04:00:00,686592.9465,-85972.64738,15.0,37.86278,83.61871
2023-08-30 04:30:00,686443.04699,-86181.31678,10.0,37.84409,83.61984
2023-08-30 05:00:00,686225.24455,-86432.94509,10.0,37.82116,83.62154
2023-08-30 05:30:00,685950.51936,-86700.82845,10.0,37.79629,83.62374
2023-08-30 06:00:00,685600.04411,-86969.10798,10.0,37.77058,83.62663
2023-08-30 06:30:00,685192.78859,-87217.72231,10.0,37.74587,83.63006
2023-08-30 07:00:00,684752.92525,-87429.05327,10.0,37.72386,83.63383
2023-08-30 07:30:00,684261.5882,-87605.31357,10.0,37.70417,83.63811
2023-08-30 08:00:00,683726.00211,-87733.1166,10.0,37.68798,83.64285
2023-08-30 08:30:00,683161.65141,-87786.02228,10.0,37.67764,83.64794
2023-08-30 09:00:00,682588.96322,-87758.8143,10.0,37.67381,83.6532
2023-08-30 09:30:00,682026.10188,-87663.69999,10.0,37.67569,83.65845
2023-08-30 10:00:00,681481.39572,-87469.88173,10.0,37.68593,83.66365
2023-08-30 10:30:00,681026.03786,-87185.51212,10.0,37.70463,83.66814
2023-08-30 11:00:00,680638.93985,-86837.74204,10.0,37.72933,83.67208
2023-08-30 11:30:00,680343.1314,-86442.82726,10.0,37.75893,83.67524
2023-08-30 12:00:00,680127.5262,-86035.7446,10.0,37.79041,83.67768
2023-08-30 12:30:00,679991.07088,-85633.2572,10.0,37.82236,83.67939
2023-08-30 13:00:00,679930.09024,-85255.86905,10.0,37.85303,83.68038
2023-08-30 13:30:00,679945.99202,-84918.80818,10.0,37.88116,83.68062
2023-08-30 14:00:00,680018.24787,-84637.83593,10.0,37.90522,83.68028
2023-08-30 14:30:00,680124.64221,-84416.02925,10.0,37.92472,83.67956
2023-08-30 15:00:00,680251.99591,-84245.34324,10.0,37.94019,83.67859
2023-08-30 15:30:00,680391.83725,-84141.48946,10.0,37.95024,83.67743
2023-08-30 16:00:00,680520.27689,-84112.03177,10.0,37.954,83.67629
2023-08-30 16:30:00,680613.82959,-84161.10302,10.0,37.95089,83.67538
2023-08-30 17:00:00,680654.01614,-84287.5322,10.0,37.94082,83.67487
2023-08-30 17:30:00,680623.28623,-84464.77251,10.0,37.92581,83.67495
2023-08-30 18:00:00,680492.84755,-84659.88004,10.0,37.90829,83.67592
2023-08-30 18:30:00,680262.36533,-84813.86907,10.0,37.89314,83.67785
2023-08-30 19:00:00,679943.23676,-84967.156,10.0,37.87712,83.68059
2023-08-30 19:30:00,679559.86559,-85073.43923,10.0,37.86432,83.68397
2023-08-30 20:00:00,679129.3739,-85118.62757,10.0,37.85609,83.68785
2023-08-30 20:30:00,678656.41476,-85100.73573,10.0,37.85265,83.69219
2023-08-30 21:00:00,678164.52356,-84998.05879,10.0,37.85606,83.6968
2023-08-30 21:30:00,677668.4347,-84797.73128,10.0,37.86756,83.70156
2023-08-30 22:00:00,677200.53935,-84520.47048,10.0,37.88578,83.70615
2023-08-30 22:30:00,676787.74603,-84204.5673,10.0,37.90782,83.71028
2023-08-30 23:00:00,676431.1251,-83840.95648,10.0,37.93445,83.71395
2023-08-30 23:30:00,676132.91575,-83455.21948,10.0,37.96356,83.71711
2023-08-31 00:00:00,675929.72549,-83051.93392,10.0,37.99514,83.71942
2023-08-31 00:30:00,675833.42579,-82632.07107,10.0,38.02922,83.72077
2023-08-31 01:00:00,675834.95718,-82206.69023,10.0,38.06477,83.72123
2023-08-31 01:30:00,675916.60564,-81822.42729,10.0,38.0977,83.72091
2023-08-31 02:00:00,676059.14522,-81512.1372,10.0,38.12506,83.71995
2023-08-31 02:30:00,676249.72109,-81283.42489,10.0,38.14608,83.71846
2023-08-31 03:00:00,676470.79233,-81146.39295,10.0,38.15974,83.71659
2023-08-31 03:30:00,676712.49194,-81092.59994,10.0,38.16665,83.71444
2023-08-31 04:00:00,676929.35392,-81127.33575,10.0,38.16592,83.71242
2023-08-31 04:30:00,677102.34527,-81245.04783,10.0,38.15783,83.71071
2023-08-31 05:00:00,677204.37089,-81443.2548,10.0,38.14232,83.70956
2023-08-31 05:30:00,677205.01767,-81692.26429,10.0,38.12156,83.70928
2023-08-31 06:00:00,677118.25701,-81957.45977,10.0,38.09857,83.70978
2023-08-31 06:30:00,676962.98644,-82209.13567,10.0,38.07601,83.71092
2023-08-31 07:00:00,676726.82656,-82450.13881,15.0,38.05351,83.71281
2023-08-31 07:30:00,676404.39507,-82652.87591,10.0,38.03331,83.71553
2023-08-31 08:00:00,676045.32039,-82796.65971,10.0,38.01764,83.71865
2023-08-31 08:30:00,675669.50736,-82889.12413,10.0,38.00607,83.72198
2023-08-31 09:00:00,675281.10964,-82905.60042,10.0,38.00071,83.72551
2023-08-31 09:30:00,674890.38521,-82825.10863,10.0,38.00343,83.72917
2023-08-31 10:00:00,674545.66941,-82646.09505,10.0,38.01487,83.73252
2023-08-31 10:30:00,674270.3478,-82400.58736,10.0,38.0326,83.73531
2023-08-31 11:00:00,674088.33287,-82098.34686,10.0,38.05605,83.73731
2023-08-31 11:30:00,674001.78556,-81765.97493,10.0,38.08301,83.73847
2023-08-31 12:00:00,673999.79422,-81435.73627,10.5,38.11066,83.73885
2023-08-31 12:30:00,674094.13684,-81101.1927,10.0,38.13964,83.73836
2023-08-31 13:00:00,674274.7837,-80808.7184,10.0,38.16596,83.73703
2023-08-31 13:30:00,674551.66547,-80552.07783,10.0,38.19023,83.73478
2023-08-31 14:00:00,674902.0419,-80357.13383,10.0,38.21005,83.73179
2023-08-31 14:30:00,675308.98859,-80228.68121,10.0,38.22485,83.72821
2023-08-31 15:00:00,675761.8021,-80183.5632,10.0,38.23312,83.72412
2023-08-31 15:30:00,676232.4102,-80228.15342,10.0,38.23406,83.71977
2023-08-31 16:00:00,676690.61717,-80358.80775,9.5,38.22769,83.71544
2023-08-31 16:30:00,677114.37918,-80567.45064,10.0,38.21448,83.71134
2023-08-31 17:00:00,677482.40196,-80830.33713,10.0,38.19621,83.70769
2023-08-31 17:30:00,677809.41243,-81106.21095,10.0,38.17647,83.7044
2023-08-31 18:00:00,678078.20722,-81366.6708,10.5,38.15745,83.70166
2023-08-31 18:30:00,678246.97202,-81654.26652,10.0,38.13519,83.6998
2023-08-31 19:00:00,678325.0224,-81905.44658,10.0,38.11506,83.69881
2023-08-31 19:30:00,678345.07256,-82119.7666,10.0,38.09742,83.69839
2023-08-31 20:00:00,678326.72721,-82289.2101,10.0,38.08313,83.69837
2023-08-31 20:30:00,678284.78848,-82400.2859,10.0,38.07346,83.69863
2023-08-31 21:00:00,678238.92948,-82435.43645,10.0,38.07007,83.69901
2023-08-31 21:30:00,678211.62204,-82435.00027,10.0,38.06983,83.69926
2023-08-31 22:00:00,678252.76311,-82348.58621,9.5,38.07744,83.69898
2023-08-31 22:30:00,678358.20518,-82219.14471,10.0,38.08928,83.69816
2023-08-31 23:00:00,678510.64732,-82062.7907,10.0,38.10383,83.69694
2023-08-31 23:30:00,678699.32865,-81859.66614,10.0,38.12263,83.69544
2023-09-01 00:00:00,678950.29632,-81628.21544,10.5,38.1444,83.6934
2023-09-01 00:30:00,679278.14177,-81395.84083,10.0,38.167,83.69066
2023-09-01 01:00:00,679648.97612,-81195.42715,10.0,38.18735,83.68749
2023-09-01 01:30:00,680074.05737,-81016.51642,10.0,38.20643,83.6838
2023-09-01 02:00:00,680523.4893,-80889.85518,10.0,38.22139,83.67983
2023-09-01 02:30:00,680992.70468,-80817.38175,10.0,38.23203,83.67562
2023-09-01 03:00:00,681464.51595,-80815.11879,10.0,38.23686,83.67131
2023-09-01 03:30:00,681867.07591,-80893.50676,10.5,38.23432,83.66755
2023-09-01 04:00:00,682211.92846,-81025.82842,10.0,38.22675,83.66425
2023-09-01 04:30:00,682476.54353,-81165.24919,10.0,38.21781,83.66168
2023-09-01 05:00:00,682667.275,-81309.37223,10.0,38.20776,83.65978
2023-09-01 05:30:00,682784.67466,-81444.33748,10.0,38.19775,83.65856
2023-09-01 06:00:00,682829.02577,-81561.91902,10.5,38.18846,83.65803
2023-09-01 06:30:00,682798.47906,-81649.40942,10.0,38.18092,83.65821
2023-09-01 07:00:00,682696.22501,-81690.11759,10.0,38.17654,83.6591
2023-09-01 07:30:00,682533.99664,-81674.20973,10.0,38.17625,83.6606
2023-09-01 08:00:00,682326.89735,-81594.34613,10.0,38.18081,83.66258
2023-09-01 08:30:00,682090.78726,-81464.20057,10.0,38.18925,83.66488
2023-09-01 09:00:00,681839.09548,-81290.26839,10.0,38.20117,83.66737
2023-09-01 09:30:00,681560.44813,-81039.16979,10.0,38.21923,83.67019
2023-09-01 10:00:00,681292.57916,-80693.56359,10.5,38.24525,83.67301
2023-09-01 10:30:00,681060.89938,-80240.66523,10.0,38.28055,83.67562
2023-09-01 11:00:00,680892.38746,-79719.50504,10.0,38.32216,83.67772
2023-09-01 11:30:00,680795.14072,-79165.54206,10.0,38.36721,83.6792
2023-09-01 12:00:00,680749.12096,-78599.93053,10.0,38.41374,83.68022
2023-09-01 12:30:00,680757.98218,-78009.49361,10.0,38.46287,83.68076
2023-09-01 13:00:00,680820.24423,-77377.6877,10.0,38.51595,83.68085
2023-09-01 13:30:00,680942.38565,-76762.27735,10.0,38.56823,83.68037
2023-09-01 14:00:00,681104.13121,-76188.39048,9.5,38.61742,83.67948
2023-09-01 14:30:00,681288.25054,-75674.23741,10.0,38.66184,83.67832
2023-09-01 15:00:00,681473.8068,-75212.65521,10.0,38.70189,83.67709
2023-09-01 15:30:00,681679.11701,-74787.12617,10.0,38.73911,83.67564
2023-09-01 16:00:00,681898.78188,-74484.26181,10.5,38.76626,83.67393
2023-09-01 16:30:00,682067.55589,-74252.9551,10.0,38.78699,83.67262
2023-09-01 17:00:00,682155.97487,-74072.96715,10.0,38.80273,83.67199
2023-09-01 17:30:00,682181.40495,-73919.12528,10.0,38.81573,83.67191
2023-09-01 18:00:00,682149.5994,-73788.96231,10.0,38.82625,83.67233
2023-09-01 18:30:00,682043.29779,-73599.59059,10.0,38.84102,83.67349
2023-09-01 19:00:00,681878.3005,-73370.95483,10.5,38.85853,83.67523
2023-09-01 19:30:00,681694.42342,-73084.25598,10.0,38.88071,83.67719
2023-09-01 20:00:00,681545.06043,-72754.34513,10.0,38.9068,83.67888
2023-09-01 20:30:00,681423.792,-72364.32473,10.0,38.93815,83.68037
2023-09-01 21:00:00,681349.59741,-71909.35322,10.0,38.97533,83.68149
2023-09-01 21:30:00,681315.05644,-71385.96701,10.0,39.01856,83.68231
2023-09-01 22:00:00,681346.57876,-70810.10963,10.5,39.06674,83.68257
2023-09-01 22:30:00,681444.11607,-70164.49342,10.0,39.12129,83.68229
2023-09-01 23:00:00,681632.48528,-69498.5357,10.0,39.1783,83.68119
2023-09-01 23:30:00,681899.89153,-68875.78447,10.0,39.23236,83.67932
2023-09-02 00:00:00,682209.74197,-68270.12264,10.0,39.28532,83.67704
2023-09-02 00:30:00,682589.03379,-67651.87625,10.0,39.33986,83.67413
2023-09-02 01:00:00,683030.27148,-67107.95085,10.0,39.38868,83.67058
2023-09-02 01:30:00,683468.9402,-66663.66595,10.0,39.42915,83.66696
2023-09-02 02:00:00,683903.0396,-66251.75404,10.0,39.46685,83.66335
2023-09-02 02:30:00,684326.30253,-65915.30865,10.0,39.49816,83.65977
2023-09-02 03:00:00,684691.43771,-65648.00208,10.0,39.52324,83.65666
2023-09-02 03:30:00,684988.01036,-65434.41757,10.0,39.5433,83.65413
2023-09-02 04:00:00,685201.31608,-65234.79823,10.0,39.56153,83.65235
2023-09-02 04:30:00,685349.77914,-65062.21411,10.0,39.577,83.65114
2023-09-02 05:00:00,685389.59127,-64953.13979,10.0,39.58635,83.65087
2023-09-02 05:30:00,685330.49739,-64828.06142,10.0,39.59625,83.65152
2023-09-02 06:00:00,685193.07669,-64677.03116,10.0,39.60769,83.65291
2023-09-02 06:30:00,685015.98766,-64448.62788,10.0,39.62524,83.65473
2023-09-02 07:00:00,684783.60622,-64145.83513,10.0,39.64854,83.65712
2023-09-02 07:30:00,684516.47035,-63793.25562,10.0,39.67572,83.65987
2023-09-02 08:00:00,684206.34015,-63361.33698,10.0,39.70918,83.66308
2023-09-02 08:30:00,683899.28864,-62834.05365,10.0,39.75062,83.66634
2023-09-02 09:00:00,683589.04829,-62206.06352,10.0,39.80045,83.66971
2023-09-02 09:30:00,683301.69572,-61487.72031,10.0,39.85802,83.67294
2023-09-02 10:00:00,683045.4558,-60693.78966,10.0,39.92217,83.67594
2023-09-02 10:30:00,682872.5634,-59835.00206,10.0,39.99239,83.67822
2023-09-02 11:00:00,682792.41954,-58963.58455,10.0,40.06438,83.67965
2023-09-02 11:30:00,682828.28838,-58048.65204,10.0,40.14085,83.68004
2023-09-02 12:00:00,682993.66819,-57134.82409,10.0,40.21814,83.67923
2023-09-02 12:30:00,683290.44108,-56251.74012,10.0,40.29375,83.67718
2023-09-02 13:00:00,683733.40513,-55419.54452,10.0,40.36606,83.67374
2023-09-02 13:30:00,684295.93228,-54714.21139,10.0,40.42853,83.6691
2023-09-02 14:00:00,684956.17257,-54141.30635,10.0,40.48054,83.66346
2023-09-02 14:30:00,685672.8121,-53717.8631,10.0,40.52041,83.65719
2023-09-02 15:00:00,686397.84471,-53434.52981,10.0,40.54863,83.65074
2023-09-02 15:30:00,687092.25827,-53248.98991,10.0,40.56849,83.6445
2023-09-02 16:00:00,687725.93243,-53143.41876,10.0,40.5813,83.63876
2023-09-02 16:30:00,688256.51588,-53116.628,10.0,40.58691,83.63391
2023-09-02 17:00:00,688675.29077,-53183.04464,10.0,40.58409,83.63002
2023-09-02 17:30:00,688995.87136,-53250.98789,10.0,40.58052,83.62703
2023-09-02 18:00:00,689187.22256,-53313.08996,10.0,40.57661,83.62523
2023-09-02 18:30:00,689234.7566,-53416.96774,10.0,40.56833,83.62472
2023-09-02 19:00:00,689125.32667,-53479.02882,10.0,40.5625,83.62568
2023-09-02 19:30:00,688869.03504,-53425.39336,10.0,40.56529,83.62807
2023-09-02 20:00:00,688502.42688,-53191.93773,10.0,40.58225,83.6316
2023-09-02 20:30:00,688079.42835,-52826.56142,10.0,40.60979,83.63574
2023-09-02 21:00:00,687634.97616,-52311.62759,10.0,40.64962,83.64018
2023-09-02 21:30:00,687229.80474,-51661.24761,10.0,40.70098,83.64435
2023-09-02 22:00:00,686896.64613,-50884.42988,10.0,40.76334,83.64794
2023-09-02 22:30:00,686682.81263,-50028.61421,10.0,40.83305,83.65048
2023-09-02 23:00:00,686592.10914,-49097.01433,10.0,40.90984,83.65193
2023-09-02 23:30:00,686637.27421,-48136.10855,10.0,40.98989,83.65214
2023-09-03 00:00:00,686824.78894,-47176.01132,10.0,41.07069,83.65103
2023-09-03 00:30:00,687151.28548,-46282.38666,10.0,41.14672,83.64859
2023-09-03 01:00:00,687595.77171,-45446.83005,10.0,41.21852,83.64502
2023-09-03 01:30:00,688140.1951,-44715.5564,10.0,41.28213,83.64046
2023-09-03 02:00:00,688758.97745,-44085.09399,10.0,41.33769,83.63515
2023-09-03 02:30:00,689376.11308,-43573.96266,10.0,41.38327,83.62978
2023-09-03 03:00:00,690017.41164,-43191.80597,10.0,41.41823,83.62411
2023-09-03 03:30:00,690630.10209,-42985.7227,10.0,41.43843,83.6186
2023-09-03 04:00:00,691142.26537,-42924.84289,10.0,41.44609,83.61393
2023-09-03 04:30:00,691552.80361,-42957.73126,10.0,41.44548,83.61014
2023-09-03 05:00:00,691887.51114,-42967.12759,10.0,41.44642,83.60706
2023-09-03 05:30:00,692134.85372,-42963.44913,10.0,41.44799,83.60479
2023-09-03 06:00:00,692239.77018,-42991.91417,10.0,41.44618,83.60381
2023-09-03 06:30:00,692222.17374,-43047.33882,10.0,41.44152,83.60394
2023-09-03 07:00:00,692053.01219,-43124.12209,10.0,41.43432,83.60545
2023-09-03 07:30:00,691730.43078,-43129.71512,10.0,41.4322,83.60841
2023-09-03 08:00:00,691322.85222,-42996.8632,10.0,41.44107,83.61223
2023-09-03 08:30:00,690862.75668,-42745.04553,10.0,41.45951,83.6166
2023-09-03 09:00:00,690379.12995,-42396.77764,10.0,41.48583,83.62124
2023-09-03 09:30:00,689903.44528,-41951.44264,10.0,41.52026,83.62586
2023-09-03 10:00:00,689462.75061,-41408.82164,10.0,41.56297,83.63021
2023-09-03 10:30:00,689118.1929,-40816.96721,10.0,41.61029,83.6337
2023-09-03 11:00:00,688862.84262,-40161.70312,10.0,41.66335,83.6364
2023-09-03 11:30:00,688738.30046,-39473.36191,10.0,41.71982,83.63791
2023-09-03 12:00:00,688762.01543,-38787.7853,10.0,41.77678,83.63805
2023-09-03 12:30:00,688899.85251,-38170.90369,10.0,41.82857,83.6371
2023-09-03 13:00:00,689143.92172,-37610.89488,10.0,41.87611,83.63514
2023-09-03 13:30:00,689476.73734,-37151.96997,10.0,41.91564,83.63231
2023-09-03 14:00:00,689873.77317,-36808.93482,10.0,41.94582,83.62883
2023-09-03 14:30:00,690292.28922,-36590.95522,10.0,41.96571,83.62509
2023-09-03 15:00:00,690710.7877,-36495.51355,10.0,41.97544,83.62129
2023-09-03 15:30:00,691102.35414,-36518.38021,10.0,41.97526,83.61768
2023-09-03 16:00:00,691458.86595,-36648.55727,10.0,41.96606,83.61434
2023-09-03 16:30:00,691738.67556,-36870.30016,10.0,41.94897,83.61166
2023-09-03 17:00:00,691918.59743,-37168.00692,10.0,41.92518,83.60986
2023-09-03 17:30:00,691951.53872,-37505.27873,10.0,41.89748,83.60939
2023-09-03 18:00:00,691844.55899,-37871.16044,10.0,41.86679,83.61019
2023-09-03 18:30:00,691618.75905,-38217.54663,10.0,41.83716,83.61209
2023-09-03 19:00:00,691277.49757,-38543.11897,10.0,41.8087,83.61506
2023-09-03 19:30:00,690821.171,-38821.86218,10.0,41.78355,83.61911
2023-09-03 20:00:00,690257.46223,-39015.09537,10.0,41.76494,83.62419
2023-09-03 20:30:00,689628.80581,-39105.14078,10.0,41.75454,83.62992
2023-09-03 21:00:00,688981.799,-39096.44027,10.0,41.75222,83.63587
2023-09-03 21:30:00,688363.39929,-38967.09613,10.0,41.76004,83.64162
2023-09-03 22:00:00,687794.9754,-38730.92176,10.5,41.77698,83.64697
2023-09-03 22:30:00,687267.74083,-38422.78816,10.0,41.80012,83.65197
2023-09-03 23:00:00,686826.33288,-38064.0693,10.0,41.8279,83.65621
2023-09-03 23:30:00,686497.68839,-37689.87956,10.0,41.85752,83.65942
2023-09-04 00:00:00,686287.55354,-37313.96627,10.0,41.88785,83.66154
2023-09-04 00:30:00,686198.12866,-36976.02511,10.0,41.91558,83.66253
2023-09-04 01:00:00,686226.85119,-36684.13386,10.5,41.94001,83.66241
2023-09-04 01:30:00,686350.92981,-36458.67373,10.0,41.95933,83.66138
2023-09-04 02:00:00,686533.5189,-36339.2012,10.0,41.97008,83.65976
2023-09-04 02:30:00,686729.77932,-36372.30602,10.0,41.96819,83.65794
2023-09-04 03:00:00,686900.66355,-36555.44219,10.0,41.95371,83.65628
2023-09-04 03:30:00,687022.79507,-36876.0364,10.0,41.92759,83.655
2023-09-04 04:00:00,687080.1529,-37283.29246,10.5,41.89398,83.65427
2023-09-04 04:30:00,687042.65924,-37791.9636,10.0,41.85152,83.65436
2023-09-04 05:00:00,686916.54942,-38359.25794,10.0,41.80377,83.65523
2023-09-04 05:30:00,686665.05605,-38979.88486,10.0,41.75098,83.65722
2023-09-04 06:00:00,686282.49128,-39598.68063,10.0,41.69768,83.66041
2023-09-04 06:30:00,685780.72266,-40161.44043,10.0,41.64841,83.66472
2023-09-04 07:00:00,685176.48985,-40681.66255,10.0,41.60211,83.66999
2023-09-04 07:30:00,684486.30169,-41121.56832,10.0,41.562,83.67609
2023-09-04 08:00:00,683714.95033,-41458.59753,15.0,41.52999,83.68299
2023-09-04 08:30:00,682884.08859,-41679.53009,10.0,41.50731,83.6905
2023-09-04 09:00:00,682035.5605,-41796.45041,10.0,41.49319,83.69823
2023-09-04 09:30:00,681199.65416,-41795.94345,10.0,41.48894,83.70591
2023-09-04 10:00:00,680438.9501,-41687.40179,9.5,41.49413,83.71296
2023-09-04 10:30:00,679775.94055,-41494.11271,10.0,41.50695,83.71916
2023-09-04 11:00:00,679223.73405,-41232.19005,10.0,41.52613,83.72438
2023-09-04 11:30:00,678772.98494,-40947.04768,10.0,41.54781,83.72868
2023-09-04 12:00:00,678440.68725,-40626.93586,10.0,41.57306,83.73191
2023-09-04 12:30:00,678232.79996,-40317.14225,10.0,41.59809,83.73399
2023-09-04 13:00:00,678135.16211,-40036.38036,10.0,41.62124,83.73504
2023-09-04 13:30:00,678131.67497,-39818.35652,10.0,41.63958,83.73519
2023-09-04 14:00:00,678202.49386,-39686.99213,10.0,41.65099,83.73461
2023-09-04 14:30:00,678327.98853,-39643.84775,10.0,41.65524,83.73348
2023-09-04 15:00:00,678476.73148,-39686.99899,10.0,41.65234,83.73209
2023-09-04 15:30:00,678603.8874,-39844.03409,10.5,41.63975,83.73084
2023-09-04 16:00:00,678686.39656,-40100.5431,10.0,41.61858,83.72994
2023-09-04 16:30:00,678689.5984,-40431.78701,10.0,41.59073,83.72973
2023-09-04 17:00:00,678600.69115,-40826.10679,10.0,41.55711,83.73033
2023-09-04 17:30:00,678408.17322,-41255.888,10.0,41.51997,83.73186
2023-09-04 18:00:00,678107.78692,-41690.76252,10.5,41.48183,83.73438
2023-09-04 18:30:00,677700.06611,-42098.29846,10.0,41.44539,83.73789
2023-09-04 19:00:00,677214.58291,-42430.04219,10.0,41.41489,83.74216
2023-09-04 19:30:00,676648.55841,-42672.37429,10.0,41.39146,83.74722
2023-09-04 20:00:00,676044.39586,-42810.54646,10.0,41.37658,83.75269
2023-09-04 20:30:00,675417.80962,-42855.4926,10.0,41.36943,83.75842
2023-09-04 21:00:00,674789.20079,-42795.0322,10.0,41.37117,83.76423
2023-09-04 21:30:00,674195.03161,-42637.67306,10.0,41.3813,83.76978
2023-09-04 22:00:00,673656.91417,-42402.37735,10.0,41.39835,83.77486
2023-09-04 22:30:00,673208.9503,-42117.02849,10.0,41.42015,83.77914
2023-09-04 23:00:00,672841.91182,-41788.96829,10.0,41.44603,83.7827
2023-09-04 23:30:00,672583.95464,-41437.11094,10.0,41.47453,83.78527
2023-09-05 00:00:00,672456.89447,-41095.5335,10.0,41.50286,83.78663
2023-09-05 00:30:00,672426.50042,-40790.35225,10.0,41.52861,83.78708
2023-09-05 01:00:00,672494.22116,-40552.37772,10.0,41.54916,83.78659
2023-09-05 01:30:00,672610.82021,-40423.32882,10.0,41.56071,83.78559
2023-09-05 02:00:00,672737.37208,-40400.06077,10.0,41.56333,83.78444
2023-09-05 02:30:00,672886.09489,-40460.61687,10.0,41.55895,83.78304
2023-09-05 03:00:00,673010.47999,-40617.93275,10.0,41.54624,83.78181
2023-09-05 03:30:00,673056.06391,-40871.69503,10.0,41.52495,83.78125
2023-09-05 04:00:00,673039.39941,-41198.57463,10.0,41.49714,83.78122
2023-09-05 04:30:00,672948.33832,-41564.37202,10.0,41.46564,83.78185
2023-09-05 05:00:00,672762.07783,-41969.89738,10.0,41.43026,83.78333
2023-09-05 05:30:00,672485.19065,-42393.08146,10.0,41.39288,83.78563
2023-09-05 06:00:00,672138.89907,-42790.55245,10.0,41.35728,83.78858
2023-09-05 06:30:00,671699.69233,-43173.05787,10.0,41.32241,83.79239
2023-09-05 07:00:00,671192.19501,-43496.8671,10.0,41.29211,83.79686
2023-09-05 07:30:00,670635.14294,-43759.79619,10.0,41.26667,83.80182
2023-09-05 08:00:00,670015.41672,-43963.86926,10.0,41.24585,83.80739
2023-09-05 08:30:00,669370.26706,-44073.36445,10.0,41.23291,83.81325
2023-09-05 09:00:00,668740.82353,-44092.87647,10.0,41.22771,83.81902
2023-09-05 09:30:00,668103.50873,-44050.15296,10.0,41.22777,83.8249
2023-09-05 10:00:00,667498.66251,-43944.28207,10.0,41.23341,83.83052
2023-09-05 10:30:00,666977.17068,-43746.03923,10.0,41.24743,83.83543
2023-09-05 11:00:00,666526.56781,-43495.21123,10.0,41.26637,83.83972
2023-09-05 11:30:00,666179.9404,-43234.62903,10.0,41.28675,83.84306
2023-09-05 12:00:00,665931.66401,-42983.68772,10.0,41.30687,83.84549
2023-09-05 12:30:00,665792.05341,-42768.26153,10.0,41.32456,83.8469
2023-09-05 13:00:00,665739.1771,-42608.29231,10.0,41.33798,83.84748
2023-09-05 13:30:00,665749.39587,-42499.50994,10.0,41.34736,83.84745
2023-09-05 14:00:00,665775.35124,-42468.03175,10.0,41.3502,83.84723
2023-09-05 14:30:00,665830.40325,-42492.31284,10.0,41.34842,83.84671
2023-09-05 15:00:00,665893.89666,-42571.8663,10.0,41.34195,83.84608
2023-09-05 15:30:00,665921.00335,-42726.47876,10.0,41.32885,83.84574
2023-09-05 16:00:00,665892.32027,-42969.24438,10.0,41.30789,83.84586
2023-09-05 16:30:00,665791.4536,-43266.1291,10.0,41.28189,83.84661
2023-09-05 17:00:00,665578.74262,-43606.48594,10.0,41.25153,83.84836
2023-09-05 17:30:00,665263.14743,-43935.88062,10.0,41.22151,83.85106
2023-09-05 18:00:00,664855.21735,-44226.76866,10.0,41.19424,83.85463
2023-09-05 18:30:00,664349.46623,-44447.95523,10.0,41.17236,83.85914
2023-09-05 19:00:00,663754.6498,-44583.64176,10.0,41.15728,83.86452
2023-09-05 19:30:00,663078.67918,-44598.10731,10.0,41.15213,83.87072
2023-09-05 20:00:00,662388.11969,-44489.53089,10.0,41.15748,83.87713
2023-09-05 20:30:00,661695.53122,-44264.94288,10.0,41.17283,83.88363
2023-09-05 21:00:00,661030.57624,-43935.26795,10.0,41.19744,83.88994
2023-09-05 21:30:00,660444.13018,-43502.77442,10.0,41.23143,83.89559
2023-09-05 22:00:00,659928.12315,-43004.81876,10.0,41.27154,83.90063
2023-09-05 22:30:00,659533.85368,-42487.62171,10.0,41.31406,83.90456
2023-09-05 23:00:00,659232.10736,-41964.58965,10.0,41.35765,83.90764
2023-09-05 23:30:00,659025.33072,-41465.59275,10.0,41.39972,83.90983
2023-09-06 00:00:00,658912.04185,-40997.57995,10.0,41.43964,83.91114
2023-09-06 00:30:00,658897.35911,-40584.31463,10.0,41.47536,83.91151
2023-09-06 01:00:00,658954.2128,-40242.87629,10.0,41.50524,83.91118
2023-09-06 01:30:00,659049.75089,-39996.33236,10.0,41.5271,83.91044
2023-09-06 02:00:00,659170.10321,-39841.86437,10.0,41.54111,83.90942
2023-09-06 02:30:00,659290.68275,-39791.29315,10.0,41.54612,83.90834
2023-09-06 03:00:00,659419.29009,-39860.04463,10.0,41.54084,83.90712
2023-09-06 03:30:00,659518.0858,-40025.56334,10.0,41.52703,83.90612
2023-09-06 04:00:00,659560.62115,-40256.45468,10.0,41.50727,83.9056
2023-09-06 04:30:00,659518.47977,-40518.121,10.0,41.4844,83.90584
2023-09-06 05:00:00,659396.68972,-40816.54654,10.0,41.45792,83.90679
2023-09-06 05:30:00,659202.67532,-41119.0349,10.0,41.43069,83.9084
2023-09-06 06:00:00,658953.03934,-41386.33933,10.0,41.40619,83.91054
2023-09-06 06:30:00,658650.5161,-41610.28194,10.0,41.38514,83.91319
2023-09-06 07:00:00,658270.73285,-41798.30387,10.0,41.36676,83.91657
2023-09-06 07:30:00,657853.61682,-41939.20753,9.5,41.35224,83.92032
2023-09-06 08:00:00,657408.19358,-42028.55266,10.0,41.34202,83.92436
2023-09-06 08:30:00,656958.34199,-42050.79596,10.0,41.33759,83.92848
2023-09-06 09:00:00,656527.8881,-41991.02798,10.0,41.34039,83.93247
2023-09-06 09:30:00,656144.63197,-41839.80075,10.0,41.35141,83.93608
2023-09-06 10:00:00,655840.04722,-41626.99519,10.5,41.36824,83.939
2023-09-06 10:30:00,655602.78003,-41356.85451,10.0,41.39044,83.94134
2023-09-06 11:00:00,655467.84614,-41062.24421,10.0,41.41535,83.94275
2023-09-06 11:30:00,655432.58736,-40772.81962,10.0,41.44036,83.94324
2023-09-06 12:00:00,655499.24702,-40522.69693,10.0,41.4625,83.94277
2023-09-06 12:30:00,655651.22856,-40334.6344,10.0,41.47969,83.94148
2023-09-06 13:00:00,655872.88844,-40216.13187,10.0,41.49119,83.93951
2023-09-06 13:30:00,656160.81129,-40178.78784,10.5,41.49597,83.93689
2023-09-06 14:00:00,656495.05638,-40238.75489,10.0,41.49254,83.93378
2023-09-06 14:30:00,656824.26117,-40406.9126,10.0,41.47968,83.93066
2023-09-06 15:00:00,657130.70288,-40678.70006,10.0,41.45771,83.92769
2023-09-06 15:30:00,657358.92598,-41033.97364,10.0,41.42809,83.92539
2023-09-06 16:00:00,657478.78234,-41438.10144,10.5,41.39366,83.92406
2023-09-06 16:30:00,657481.46418,-41886.67765,10.0,41.35474,83.92377
2023-09-06 17:00:00,657386.64223,-42330.51739,10.0,41.31569,83.92438
2023-09-06 17:30:00,657184.61699,-42761.07037,10.0,41.27718,83.92598
2023-09-06 18:00:00,656858.50404,-43153.8713,10.0,41.24122,83.92874
2023-09-06 18:30:00,656468.85729,-43483.04578,10.0,41.21039,83.93212
2023-09-06 19:00:00,656020.2458,-43746.81811,10.0,41.18487,83.93608
2023-09-06 19:30:00,655545.04209,-43918.20216,10.0,41.1672,83.94034
2023-09-06 20:00:00,655047.32278,-43986.37751,9.5,41.15836,83.94487
2023-09-06 20:30:00,654560.20043,-43945.28999,10.0,41.15909,83.94937
2023-09-06 21:00:00,654106.00029,-43802.87223,10.0,41.16885,83.95363
2023-09-06 21:30:00,653718.68986,-43571.33478,10.0,41.18679,83.95733
2023-09-06 22:00:00,653377.66465,-43281.04089,10.0,41.21015,83.96064
2023-09-06 22:30:00,653132.44371,-42988.87574,10.0,41.23425,83.96307
2023-09-06 23:00:00,652970.42679,-42687.61004,10.0,41.25964,83.96474
2023-09-06 23:30:00,652900.13474,-42396.58061,10.0,41.28467,83.96556
2023-09-07 00:00:00,652915.03907,-42149.5724,10.0,41.30634,83.96557
2023-09-07 00:30:00,653007.94625,-41940.64439,10.0,41.32512,83.96484
2023-09-07 01:00:00,653151.97868,-41799.14462,10.0,41.33829,83.9636
2023-09-07 01:30:00,653328.54937,-41727.09324,10.0,41.34557,83.96202
2023-09-07 02:00:00,653532.67567,-41734.74765,10.0,41.34604,83.96014
2023-09-07 02:30:00,653742.77441,-41836.26581,10.0,41.33835,83.95815
2023-09-07 03:00:00,653934.37582,-42039.22612,10.0,41.32171,83.95627
2023-09-07 03:30:00,654082.576,-42323.41605,10.0,41.29775,83.95474
2023-09-07 04:00:00,654172.42404,-42669.15113,10.5,41.2681,83.95371
2023-09-07 04:30:00,654174.95531,-43075.95523,10.0,41.23264,83.95344
2023-09-07 05:00:00,654072.8433,-43484.06043,10.0,41.19646,83.95413
2023-09-07 05:30:00,653872.21299,-43863.90718,10.0,41.16216,83.95574
2023-09-07 06:00:00,653590.89734,-44193.8493,10.0,41.13172,83.95812
2023-09-07 06:30:00,653203.71777,-44460.98139,10.0,41.10611,83.96151
2023-09-07 07:00:00,652773.29886,-44642.17786,10.0,41.08772,83.96535
2023-09-07 07:30:00,652315.67986,-44726.98218,10.0,41.07757,83.9695
2023-09-07 08:00:00,651864.99807,-44710.4832,10.0,41.07631,83.97365
2023-09-07 08:30:00,651453.61415,-44597.16265,10.0,41.08376,83.9775
2023-09-07 09:00:00,651099.94402,-44403.75279,10.0,41.09858,83.98087
2023-09-07 09:30:00,650809.71639,-44141.12708,10.0,41.11986,83.9837
2023-09-07 10:00:00,650606.94297,-43849.22726,10.5,41.14424,83.98574
2023-09-07 10:30:00,650490.41111,-43532.24044,10.0,41.17135,83.98701
2023-09-07 11:00:00,650476.34875,-43204.36335,10.0,41.20002,83.98734
2023-09-07 11:30:00,650569.95507,-42875.40851,10.0,41.22941,83.98668
2023-09-07 12:00:00,650773.32803,-42579.67886,10.0,41.25651,83.98499
2023-09-07 12:30:00,651067.19949,-42346.25331,10.0,41.27865,83.98243
2023-09-07 13:00:00,651447.39219,-42190.23783,10.0,41.29448,83.97903
2023-09-07 13:30:00,651874.86175,-42137.25966,10.5,41.30154,83.97513
2023-09-07 14:00:00,652319.15509,-42191.24743,10.0,41.29933,83.97102
2023-09-07 14:30:00,652739.93654,-42332.52236,10.0,41.28936,83.96707
2023-09-07 15:00:00,653131.17603,-42542.77187,10.0,41.27321,83.96335
2023-09-07 15:30:00,653493.05273,-42801.72845,10.0,41.25266,83.95987
2023-09-07 16:00:00,653819.45727,-43118.67562,10.0,41.22687,83.95668
2023-09-07 16:30:00,654076.58903,-43460.45972,10.0,41.19854,83.95411
2023-09-07 17:00:00,654268.95002,-43824.22236,10.0,41.16794,83.95212
2023-09-07 17:30:00,654371.3466,-44179.38873,10.0,41.13758,83.95096
2023-09-07 18:00:00,654370.73815,-44509.66605,10.0,41.10879,83.95076
2023-09-07 18:30:00,654285.03063,-44776.53966,10.0,41.08502,83.95138
2023-09-07 19:00:00,654142.72575,-44946.54568,10.0,41.06935,83.95258
2023-09-07 19:30:00,653957.44406,-45028.53815,10.0,41.06109,83.95423
2023-09-07 20:00:00,653753.99331,-45010.63161,10.0,41.06143,83.95611
2023-09-07 20:30:00,653574.3836,-44899.35733,10.0,41.07006,83.95783
2023-09-07 21:00:00,653417.69409,-44691.63216,10.0,41.08725,83.9594
2023-09-07 21:30:00,653307.67334,-44389.13158,10.0,41.113,83.9606
2023-09-07 22:00:00,653254.35932,-44034.79808,10.0,41.14362,83.96131
2023-09-07 22:30:00,653270.87614,-43675.25293,10.0,41.17511,83.96138
2023-09-07 23:00:00,653372.10549,-43299.2274,10.0,41.20853,83.96068
2023-09-07 23:30:00,653578.04782,-42933.08408,10.0,41.24168,83.95901
2023-09-08 00:00:00,653880.98356,-42595.16466,10.0,41.2729,83.95643
2023-09-08 00:30:00,654255.34,-42311.20296,10.0,41.29979,83.95316
2023-09-08 01:00:00,654677.79085,-42106.52275,10.0,41.32001,83.9494
2023-09-08 01:30:00,655113.13918,-41971.14822,10.0,41.33424,83.94548
2023-09-08 02:00:00,655546.59062,-41915.97252,10.0,41.34146,83.94153
2023-09-08 02:30:00,655961.32755,-41949.15839,10.0,41.34088,83.9377
2023-09-08 03:00:00,656337.05664,-42064.62895,10.0,41.33293,83.93418
2023-09-08 03:30:00,656651.14052,-42258.41421,10.0,41.31784,83.93118
2023-09-08 04:00:00,656890.60543,-42511.33087,10.0,41.29721,83.92883
2023-09-08 04:30:00,657028.23762,-42772.1996,10.0,41.27533,83.92741
2023-09-08 05:00:00,657081.64702,-43037.8066,10.0,41.25257,83.92676
2023-09-08 05:30:00,657063.92457,-43307.53593,10.0,41.22905,83.92676
2023-09-08 06:00:00,656973.53649,-43571.52455,10.0,41.20561,83.92743
2023-09-08 06:30:00,656803.09098,-43793.72567,10.0,41.18533,83.92886
2023-09-08 07:00:00,656558.43163,-43952.48348,10.0,41.17012,83.93101
2023-09-08 07:30:00,656278.08997,-44025.87664,10.0,41.16211,83.93354
2023-09-08 08:00:00,655983.38542,-44004.95657,10.0,41.16221,83.93626
2023-09-08 08:30:00,655690.5729,-43858.29083,10.0,41.17326,83.93904
2023-09-08 09:00:00,655420.26243,-43602.24922,10.0,41.19397,83.94168
2023-09-08 09:30:00,655196.7781,-43245.80139,10.0,41.22371,83.94395
2023-09-08 10:00:00,655052.28577,-42827.26983,10.0,41.25933,83.94553
2023-09-08 10:30:00,654969.10121,-42348.86787,10.0,41.30053,83.94658
2023-09-08 11:00:00,654967.0459,-41821.87047,10.0,41.34643,83.94691
2023-09-08 11:30:00,655052.62194,-41279.22059,10.0,41.39418,83.94644
2023-09-08 12:00:00,655238.02363,-40768.98213,10.0,41.43964,83.94503
2023-09-08 12:30:00,655518.31627,-40354.70918,10.0,41.47723,83.94269
2023-09-08 13:00:00,655878.63755,-40033.21754,10.0,41.50714,83.93956
2023-09-08 13:30:00,656278.8088,-39823.34127,10.0,41.52752,83.936
2023-09-08 14:00:00,656674.82507,-39716.92544,10.0,41.53886,83.93242
2023-09-08 14:30:00,657044.70582,-39718.57939,10.0,41.54066,83.92902
2023-09-08 15:00:00,657365.02125,-39820.04592,10.0,41.53353,83.92602
2023-09-08 15:30:00,657596.41937,-40005.70374,10.0,41.51863,83.92379
2023-09-08 16:00:00,657740.29177,-40269.44915,10.0,41.4965,83.92232
2023-09-08 16:30:00,657774.28016,-40584.05264,10.0,41.46938,83.92183
2023-09-08 17:00:00,657686.67543,-40909.00767,10.0,41.44071,83.92245
2023-09-08 17:30:00,657479.51115,-41228.81769,10.0,41.41183,83.92417
2023-09-08 18:00:00,657155.72082,-41514.23603,10.0,41.38528,83.92698
2023-09-08 18:30:00,656767.17517,-41737.47438,10.0,41.36375,83.93042
2023-09-08 19:00:00,656330.2071,-41916.50415,10.0,41.34577,83.93433
2023-09-08 19:30:00,655859.05518,-42050.54512,10.0,41.33149,83.93858
2023-09-08 20:00:00,655357.80393,-42144.2863,10.0,41.32053,83.94313
2023-09-08 20:30:00,654851.22491,-42202.14579,10.0,41.31265,83.94775
2023-09-08 21:00:00,654350.27014,-42223.30272,10.0,41.30799,83.95234
2023-09-08 21:30:00,653889.98932,-42204.48921,10.0,41.30704,83.95658
2023-09-08 22:00:00,653475.40526,-42135.35519,10.0,41.31074,83.96043
2023-09-08 22:30:00,653121.31501,-42039.49564,10.0,41.31712,83.96374
2023-09-08 23:00:00,652845.45284,-41945.65373,10.0,41.32377,83.96633
2023-09-08 23:30:00,652637.18654,-41866.84935,10.0,41.32949,83.96829
2023-09-09 00:00:00,652489.19632,-41832.42761,10.0,41.33167,83.96967
2023-09-09 00:30:00,652414.14809,-41865.57573,10.0,41.32835,83.97034
2023-09-09 01:00:00,652391.46592,-41981.42687,10.0,41.31809,83.97048
2023-09-09 01:30:00,652392.03476,-42208.76732,10.0,41.29821,83.97034
2023-09-09 02:00:00,652413.99355,-42524.30175,10.0,41.27074,83.96995
2023-09-09 02:30:00,652453.67531,-42948.77424,10.0,41.23385,83.96933
2023-09-09 03:00:00,652502.16707,-43482.13009,10.0,41.1875,83.96856
2023-09-09 03:30:00,652548.24186,-44125.5219,10.0,41.13153,83.96774
2023-09-09 04:00:00,652561.24134,-44876.78767,10.0,41.06595,83.96715
2023-09-09 04:30:00,652503.65871,-45737.47899,10.0,40.99039,83.96713
2023-09-09 05:00:00,652351.18686,-46660.5213,10.0,40.90879,83.96793
2023-09-09 05:30:00,652131.98202,-47629.13888,10.0,40.82276,83.9693
2023-09-09 06:00:00,651850.87935,-48663.05395,10.0,40.73058,83.97118
2023-09-09 06:30:00,651491.11659,-49663.43685,10.0,40.64075,83.97379
2023-09-09 07:00:00,650963.23376,-50675.56776,10.0,40.54867,83.97792
2023-09-09 07:30:00,650329.67726,-51652.50085,10.0,40.45881,83.98303
2023-09-09 08:00:00,649632.68994,-52558.52738,10.0,40.37456,83.98876
2023-09-09 08:30:00,648914.79268,-53396.9149,10.0,40.29593,83.99472
2023-09-09 09:00:00,648154.91703,-54109.94298,10.0,40.22784,84.00115
2023-09-09 09:30:00,647413.65108,-54669.36195,10.0,40.17324,84.00752
2023-09-09 10:00:00,646710.60579,-55144.42828,10.0,40.12623,84.0136
2023-09-09 10:30:00,646066.8852,-55482.31802,10.0,40.09165,84.01924
2023-09-09 11:00:00,645507.7761,-55734.05089,10.0,40.06524,84.02417
2023-09-09 11:30:00,645044.02016,-55915.52669,10.0,40.04571,84.02828
2023-09-09 12:00:00,644702.94302,-56014.29459,10.0,40.03439,84.03133
2023-09-09 12:30:00,644481.40205,-56092.17332,10.0,40.02582,84.0333
2023-09-09 13:00:00,644377.27627,-56173.65214,10.0,40.01783,84.03419
2023-09-09 13:30:00,644388.36368,-56283.97572,10.0,40.00818,84.034
2023-09-09 14:00:00,644499.14253,-56463.33225,10.0,39.99321,84.03284
2023-09-09 14:30:00,644690.47319,-56730.45321,10.0,39.97113,84.03087
2023-09-09 15:00:00,644931.16376,-57104.08732,10.0,39.94006,84.02836
2023-09-09 15:30:00,645197.58213,-57578.37748,10.0,39.90035,84.02553
2023-09-09 16:00:00,645459.91488,-58155.16552,10.0,39.85162,84.02265
2023-09-09 16:30:00,645695.84442,-58837.1254,10.0,39.79347,84.01992
2023-09-09 17:00:00,645865.67588,-59637.17417,10.0,39.72445,84.01769
2023-09-09 17:30:00,645925.38533,-60484.82434,10.0,39.65039,84.01642
2023-09-09 18:00:00,645859.82025,-61364.95762,10.0,39.57246,84.01626
2023-09-09 18:30:00,645686.16683,-62210.609,10.0,39.49665,84.01711
2023-09-09 19:00:00,645413.36399,-62987.08316,10.0,39.42605,84.01892
2023-09-09 19:30:00,645049.78651,-63700.21499,10.0,39.36019,84.02161
2023-09-09 20:00:00,644606.11331,-64343.31159,10.0,39.29973,84.02509
2023-09-09 20:30:00,644121.52493,-64865.30507,10.0,39.2495,84.02905
2023-09-09 21:00:00,643587.70242,-65286.66604,10.0,39.20763,84.03355
2023-09-09 21:30:00,643038.19806,-65601.60449,10.0,39.17494,84.03829
2023-09-09 22:00:00,642488.70937,-65829.15547,10.0,39.14991,84.04311
2023-09-09 22:30:00,641957.83204,-65980.71404,10.0,39.13172,84.04783
2023-09-09 23:00:00,641491.22177,-66069.54979,10.0,39.11963,84.05202
2023-09-09 23:30:00,641108.02592,-66100.98587,10.0,39.11336,84.0555
2023-09-10 00:00:00,640844.92852,-66100.64942,10.0,39.11099,84.05791
2023-09-10 00:30:00,640712.75779,-66090.63301,10.0,39.11067,84.05913
2023-09-10 01:00:00,640707.60586,-66098.23863,10.0,39.10995,84.05917
2023-09-10 01:30:00,640810.12224,-66162.84481,10.0,39.10517,84.05817
2023-09-10 02:00:00,640989.75128,-66303.93391,10.5,39.09433,84.05639
2023-09-10 02:30:00,641228.33983,-66542.31491,10.0,39.07544,84.05398
2023-09-10 03:00:00,641486.94307,-66880.03426,10.0,39.04797,84.05129
2023-09-10 03:30:00,641746.92136,-67307.40968,10.0,39.01262,84.0485
2023-09-10 04:00:00,641973.41528,-67822.03738,10.0,38.96929,84.04593
2023-09-10 04:30:00,642144.83339,-68450.35662,10.0,38.91545,84.04375
2023-09-10 05:00:00,642269.6806,-69181.27438,10.0,38.85216,84.04189
2023-09-10 05:30:00,642328.5465,-69999.16016,10.0,38.78061,84.04054
2023-09-10 06:00:00,642296.3928,-70860.3698,10.0,38.70439,84.03997
2023-09-10 06:30:00,642145.22201,-71769.05132,10.0,38.62283,84.04043
2023-09-10 07:00:00,641875.98726,-72695.20191,10.0,38.53854,84.04194
2023-09-10 07:30:00,641472.95684,-73612.77622,10.0,38.45361,84.04467
2023-09-10 08:00:00,640932.49286,-74496.37029,10.0,38.37019,84.04868
2023-09-10 08:30:00,640342.10301,-75281.37376,10.0,38.29484,84.05324
2023-09-10 09:00:00,639699.51901,-76008.36239,10.0,38.22395,84.05833
2023-09-10 09:30:00,639041.59752,-76645.24128,10.0,38.16074,84.06365
2023-09-10 10:00:00,638395.72219,-77166.98264,10.0,38.10773,84.06898
2023-09-10 10:30:00,637783.25839,-77562.48555,10.0,38.06616,84.07414
2023-09-10 11:00:00,637216.09393,-77862.13762,10.0,38.0335,84.07899
2023-09-10 11:30:00,636704.72424,-78106.67174,9.5,38.00628,84.08339
2023-09-10 12:00:00,636278.49476,-78280.62902,10.0,37.98621,84.08709
2023-09-10 12:30:00,635954.0741,-78400.38118,10.0,37.97204,84.08992
2023-09-10 13:00:00,635772.17107,-78508.85828,10.0,37.96042,84.09146
2023-09-10 13:30:00,635701.49245,-78620.32301,10.0,37.94975,84.09198
2023-09-10 14:00:00,635672.33215,-78778.02879,10.5,37.93543,84.09207
2023-09-10 14:30:00,635721.08724,-78991.93105,10.0,37.91698,84.09138
2023-09-10 15:00:00,635819.10102,-79294.73995,10.0,37.89119,84.09014
2023-09-10 15:30:00,635964.13287,-79649.32744,10.0,37.86134,84.08841
2023-09-10 16:00:00,636138.48933,-80134.79774,10.0,37.82023,84.08626
2023-09-10 16:30:00,636291.47322,-80743.03693,10.0,37.76803,84.08416
2023-09-10 17:00:00,636391.56732,-81418.19917,10.0,37.70934,84.08246
2023-09-10 17:30:00,636406.55214,-82187.55969,10.0,37.64137,84.08142
2023-09-10 18:00:00,636356.92642,-82984.94826,10.5,37.5702,84.08093
2023-09-10 18:30:00,636233.23805,-83835.12533,10.0,37.4935,84.08104
2023-09-10 19:00:00,636010.15935,-84675.68809,10.0,37.41648,84.08206
2023-09-10 19:30:00,635714.64725,-85451.31119,10.0,37.34432,84.08381
2023-09-10 20:00:00,635353.70938,-86200.74735,10.0,37.27365,84.08618
2023-09-10 20:30:00,634900.16479,-86874.77527,10.0,37.20848,84.08948
2023-09-10 21:00:00,634380.46734,-87450.05821,10.0,37.15118,84.0935
2023-09-10 21:30:00,633847.04367,-87922.08646,10.0,37.10279,84.09777
2023-09-10 22:00:00,633308.29453,-88263.89663,10.0,37.06582,84.10225
2023-09-10 22:30:00,632797.13059,-88477.18631,10.0,37.04055,84.10664
2023-09-10 23:00:00,632342.23434,-88577.64614,10.0,37.02597,84.11066
2023-09-10 23:30:00,631966.00189,-88633.02365,10.0,37.01636,84.11402
2023-09-11 00:00:00,631689.09218,-88629.14978,10.0,37.01325,84.11655
2023-09-11 00:30:00,631500.99082,-88601.97151,10.0,37.01332,84.1183
2023-09-11 01:00:00,631388.65054,-88566.3208,10.0,37.01509,84.11937
2023-09-11 01:30:00,631369.32317,-88524.28301,10.0,37.01859,84.1196
2023-09-11 02:00:00,631461.59017,-88497.04021,10.5,37.02217,84.11879
2023-09-11 02:30:00,631653.3902,-88508.35657,10.0,37.02355,84.11703
2023-09-11 03:00:00,631920.5087,-88574.23732,10.0,37.02102,84.11451
2023-09-11 03:30:00,632250.5259,-88723.33715,10.0,37.01188,84.11131
2023-09-11 04:00:00,632608.32765,-88971.14284,10.0,36.99433,84.10773
2023-09-11 04:30:00,632947.62069,-89318.657,10.0,36.96772,84.10419
2023-09-11 05:00:00,633236.71852,-89756.26734,10.5,36.93252,84.10099
2023-09-11 05:30:00,633464.91408,-90273.17416,10.0,36.88956,84.09824
2023-09-11 06:00:00,633596.64334,-90871.17305,10.0,36.83823,84.09626
2023-09-11 06:30:00,633642.06731,-91493.34446,10.0,36.78369,84.09503
2023-09-11 07:00:00,633570.85686,-92098.48013,10.0,36.72918,84.09488
2023-09-11 07:30:00,633410.99343,-92682.88324,10.0,36.67536,84.09556
2023-09-11 08:00:00,633183.7977,-93199.31527,10.5,36.62667,84.09694
2023-09-11 08:30:00,632880.55784,-93631.97544,10.0,36.58438,84.09912
2023-09-11 09:00:00,632549.95065,-93943.99572,10.0,36.55239,84.10171
2023-09-11 09:30:00,632223.17288,-94162.6505,10.0,36.5287,84.10439
2023-09-11 10:00:00,631910.87414,-94305.65418,10.0,36.51189,84.10704
2023-09-11 10:30:00,631611.31619,-94363.05004,10.0,36.50283,84.10969
2023-09-11 11:00:00,631343.03339,-94313.9565,10.0,36.50363,84.1122
2023-09-11 11:30:00,631146.45109,-94203.84701,10.0,36.5108,84.11414
2023-09-11 12:00:00,631022.33615,-94056.86302,10.0,36.52221,84.11547
2023-09-11 12:30:00,630981.96256,-93885.59303,10.0,36.53689,84.11607
2023-09-11 13:00:00,631026.008,-93692.67627,10.0,36.55461,84.11593
2023-09-11 13:30:00,631153.82474,-93504.5065,10.0,36.57301,84.11502
2023-09-11 14:00:00,631381.77812,-93350.59825,10.5,36.58968,84.11315
2023-09-11 14:30:00,631713.90658,-93250.83563,10.0,36.60289,84.11026
2023-09-11 15:00:00,632100.19607,-93229.40192,10.0,36.60985,84.10677
2023-09-11 15:30:00,632534.12588,-93294.30527,10.0,36.60977,84.10273
2023-09-11 16:00:00,632987.86691,-93448.14861,10.0,36.60207,84.09839
2023-09-11 16:30:00,633421.08327,-93711.04009,10.0,36.58446,84.09409
2023-09-11 17:00:00,633828.29562,-94060.02131,10.0,36.55892,84.08991
2023-09-11 17:30:00,634192.48526,-94483.22539,10.0,36.52629,84.08602
2023-09-11 18:00:00,634441.13099,-94969.06877,10.5,36.48664,84.08309
2023-09-11 18:30:00,634596.39208,-95482.1664,10.0,36.44339,84.08098
2023-09-11 19:00:00,634637.54275,-95973.89957,10.0,36.40053,84.07993
2023-09-11 19:30:00,634582.87659,-96435.94487,10.0,36.35902,84.07979
2023-09-11 20:00:00,634465.73159,-96851.64376,10.0,36.32076,84.08028
2023-09-11 20:30:00,634301.19769,-97201.87774,10.0,36.28763,84.08129
2023-09-11 21:00:00,634086.30821,-97449.41722,10.0,36.26287,84.0829
2023-09-11 21:30:00,633847.7977,-97585.57343,10.5,36.24761,84.08488
2023-09-11 22:00:00,633650.55044,-97596.30293,10.0,36.24398,84.08666
2023-09-11 22:30:00,633477.0447,-97502.80081,10.0,36.24988,84.08837
2023-09-11 23:00:00,633352.72514,-97310.87822,10.0,36.26515,84.08977
2023-09-11 23:30:00,633323.91688,-97025.98358,10.0,36.28994,84.09043
2023-09-12 00:00:00,633398.23645,-96695.96105,10.5,36.32012,84.09021
2023-09-12 00:30:00,633569.40187,-96338.9492,10.0,36.35398,84.08915
2023-09-12 01:00:00,633824.13867,-95992.22431,10.0,36.38804,84.08731
2023-09-12 01:30:00,634195.63688,-95656.30548,10.0,36.42268,84.08439
2023-09-12 02:00:00,634682.57305,-95369.16878,10.0,36.45451,84.08035
2023-09-12 02:30:00,635245.75126,-95158.24598,10.0,36.48058,84.07551
2023-09-12 03:00:00,635850.66169,-95027.27009,10.0,36.50011,84.07018
2023-09-12 03:30:00,636482.29604,-94989.02356,9.5,36.51179,84.06448
2023-09-12 04:00:00,637098.60682,-95053.38022,10.0,36.51422,84.05878
2023-09-12 04:30:00,637675.43859,-95213.05418,10.0,36.50775,84.05331
2023-09-12 05:00:00,638196.45686,-95452.20798,10.0,36.49358,84.04824
2023-09-12 05:30:00,638645.36858,-95732.57572,10.0,36.47487,84.04377
2023-09-12 06:00:00,639004.08014,-96034.61479,10.5,36.4531,84.04009
2023-09-12 06:30:00,639288.37832,-96350.27467,10.0,36.42918,84.03707
2023-09-12 07:00:00,639481.24067,-96644.40456,10.0,36.40596,84.03491
2023-09-12 07:30:00,639586.91393,-96904.27412,10.0,36.3846,84.03359
2023-09-12 08:00:00,639609.31986,-97104.20822,10.0,36.36739,84.03311
2023-09-12 08:30:00,639563.82137,-97222.92192,10.0,36.35639,84.03336
2023-09-12 09:00:00,639476.03402,-97243.94806,10.0,36.35338,84.03413
2023-09-12 09:30:00,639378.21083,-97168.99649,10.5,36.35864,84.03512
2023-09-12 10:00:00,639298.05127,-96998.16544,10.0,36.37254,84.03609
2023-09-12 10:30:00,639270.8843,-96742.48847,10.0,36.39458,84.03669
2023-09-12 11:00:00,639301.80578,-96392.35268,10.0,36.42567,84.03689
2023-09-12 11:30:00,639392.37954,-95972.80727,10.0,36.46363,84.03664
2023-09-12 12:00:00,639553.37626,-95512.23613,10.5,36.5061,84.0358
2023-09-12 12:30:00,639816.46987,-95022.62181,10.0,36.55244,84.03407
2023-09-12 13:00:00,640163.88764,-94537.5718,10.0,36.59944,84.03156
2023-09-12 13:30:00,640579.70605,-94054.68944,10.0,36.64709,84.02842
2023-09-12 14:00:00,641072.42649,-93590.80137,10.0,36.69401,84.02455
2023-09-12 14:30:00,641600.92935,-93157.13792,10.0,36.73868,84.02031
2023-09-12 15:00:00,642168.49397,-92761.799,10.0,36.78043,84.01566
2023-09-12 15:30:00,642780.87999,-92441.54743,10.0,36.81612,84.0105
2023-09-12 16:00:00,643385.71882,-92218.17734,10.0,36.8432,84.00528
2023-09-12 16:30:00,643995.97375,-92055.71245,10.0,36.86499,83.99993
2023-09-12 17:00:00,644566.49945,-91955.77946,10.0,36.8808,83.99486
2023-09-12 17:30:00,645077.51848,-91911.27989,10.0,36.89102,83.99026
2023-09-12 18:00:00,645515.15634,-91912.02214,10.0,36.89638,83.98627
2023-09-12 18:30:00,645870.80692,-91941.4997,10.0,36.89822,83.98299
2023-09-12 19:00:00,646165.82591,-91980.73497,10.0,36.89846,83.98025
2023-09-12 19:30:00,646383.95292,-92012.93604,10.0,36.89836,83.97822
2023-09-12 20:00:00,646516.07229,-92025.06603,10.0,36.89894,83.977
2023-09-12 20:30:00,646583.59445,-92013.1467,10.0,36.90081,83.9764
2023-09-12 21:00:00,646599.50204,-91963.02312,10.0,36.90536,83.97632
2023-09-12 21:30:00,646575.59678,-91861.07275,10.0,36.91392,83.97667
2023-09-12 22:00:00,646543.98491,-91705.08735,10.0,36.92708,83.97716
2023-09-12 22:30:00,646530.04346,-91486.0208,10.0,36.94594,83.97757
2023-09-12 23:00:00,646533.59869,-91220.19574,10.0,36.96908,83.97788
2023-09-12 23:30:00,646567.43624,-90909.86452,10.0,36.99646,83.97797
2023-09-13 00:00:00,646655.49058,-90579.40559,10.0,37.02625,83.97759
2023-09-13 00:30:00,646779.08623,-90236.60049,10.0,37.05754,83.9769
2023-09-13 01:00:00,646949.19073,-89889.1265,10.0,37.08979,83.97579
2023-09-13 01:30:00,647206.56445,-89567.17514,10.0,37.12086,83.97385
2023-09-13 02:00:00,647534.17528,-89299.01259,10.0,37.14808,83.9712
2023-09-13 02:30:00,647913.86543,-89089.57935,10.0,37.1708,83.968
2023-09-13 03:00:00,648326.59258,-88966.24818,10.0,37.18642,83.96439
2023-09-13 03:30:00,648760.669,-88934.79495,10.0,37.19431,83.96047
2023-09-13 04:00:00,649187.66198,-89018.95536,10.0,37.19209,83.95647
2023-09-13 04:30:00,649588.02055,-89233.25789,10.0,37.17829,83.95255
2023-09-13 05:00:00,649940.43128,-89548.66488,10.0,37.15519,83.94894
2023-09-13 05:30:00,650232.09034,-89922.03519,10.0,37.12638,83.94581
2023-09-13 06:00:00,650447.62565,-90344.89246,10.0,37.09241,83.94331
2023-09-13 06:30:00,650576.88444,-90787.06233,10.0,37.05576,83.94157
2023-09-13 07:00:00,650627.36809,-91218.08484,10.0,37.01914,83.94056
2023-09-13 07:30:00,650603.41993,-91614.90967,10.0,36.98458,83.94027
2023-09-13 08:00:00,650488.96977,-91951.84206,10.0,36.95409,83.94088
2023-09-13 08:30:00,650330.02561,-92214.42215,10.0,36.92947,83.94199
2023-09-13 09:00:00,650133.24334,-92402.7522,10.0,36.91079,83.94354
2023-09-13 09:30:00,649937.04222,-92509.46059,10.0,36.89916,83.94519
2023-09-13 10:00:00,649762.29765,-92534.68784,10.0,36.89483,83.94675
2023-09-13 10:30:00,649619.77229,-92480.03378,10.0,36.8978,83.94812
2023-09-13 11:00:00,649526.23688,-92343.19518,10.0,36.90848,83.94915
2023-09-13 11:30:00,649500.0275,-92149.23185,10.0,36.92493,83.94964
2023-09-13 12:00:00,649526.23175,-91933.34891,10.0,36.94392,83.94968
2023-09-13 12:30:00,649615.58918,-91712.50941,10.0,36.96411,83.94915
2023-09-13 13:00:00,649796.76887,-91516.70366,10.0,36.98325,83.94775
2023-09-13 13:30:00,650044.06618,-91365.02445,10.0,36.99937,83.94569
2023-09-13 14:00:00,650326.17548,-91238.4707,10.0,37.01373,83.94328
2023-09-13 14:30:00,650634.85705,-91133.33648,10.0,37.02655,83.9406
2023-09-13 15:00:00,650965.08218,-91038.61277,10.0,37.03872,83.93771
2023-09-13 15:30:00,651325.63714,-90985.65545,10.0,37.04764,83.93449
2023-09-13 16:00:00,651696.02999,-91003.53609,10.0,37.05056,83.93109
2023-09-13 16:30:00,652056.78552,-91059.01747,10.0,37.05012,83.92773
2023-09-13 17:00:00,652397.46795,-91171.83429,10.0,37.0445,83.92448
2023-09-13 17:30:00,652684.23736,-91340.71233,10.0,37.03341,83.92165
2023-09-13 18:00:00,652899.05037,-91537.62087,10.0,37.01905,83.91944
2023-09-13 18:30:00,653028.41952,-91741.24555,10.0,37.00309,83.918
2023-09-13 19:00:00,653073.02554,-91923.26188,10.0,36.98797,83.91736
2023-09-13 19:30:00,653041.6062,-92060.65087,10.0,36.97577,83.91747
2023-09-13 20:00:00,652945.93194,-92124.57079,10.0,36.96911,83.91826
2023-09-13 20:30:00,652812.52792,-92121.55272,10.0,36.96775,83.91948
2023-09-13 21:00:00,652647.08667,-92043.42318,10.5,36.97247,83.92109
2023-09-13 21:30:00,652465.96003,-91879.8549,10.0,36.98435,83.92295
2023-09-13 22:00:00,652287.36266,-91628.895,10.0,37.0038,83.9249
2023-09-13 22:30:00,652128.86543,-91296.52795,10.0,37.03052,83.92677
2023-09-13 23:00:00,652038.25658,-90908.85516,10.0,37.06284,83.92809
2023-09-13 23:30:00,652017.35545,-90483.58389,10.0,37.09925,83.92882
2023-09-14 00:00:00,652059.27656,-90032.60042,10.5,37.13863,83.92901
2023-09-14 00:30:00,652187.58509,-89576.20842,10.0,37.17951,83.92841
2023-09-14 01:00:00,652392.04107,-89156.17755,10.0,37.21814,83.92707
2023-09-14 01:30:00,652649.25035,-88781.29063,10.0,37.25348,83.92519
2023-09-14 02:00:00,652946.42882,-88465.5252,10.0,37.28417,83.92287
2023-09-14 02:30:00,653268.50127,-88207.52689,10.0,37.31015,83.92025
2023-09-14 03:00:00,653594.8689,-88006.17433,10.0,37.33128,83.91752
2023-09-14 03:30:00,653899.66784,-87850.50299,10.0,37.34821,83.91493
2023-09-14 04:00:00,654192.55191,-87758.73743,10.0,37.35949,83.91237
2023-09-14 04:30:00,654479.58337,-87743.17077,10.0,37.36414,83.90977
2023-09-14 05:00:00,654755.0898,-87797.2073,10.0,37.36267,83.90719
2023-09-14 05:30:00,655002.65746,-87912.44984,10.0,37.35562,83.90479
2023-09-14 06:00:00,655182.76109,-88073.13823,10.5,37.34389,83.90295
2023-09-14 06:30:00,655285.17459,-88232.25927,10.0,37.33141,83.90182
2023-09-14 07:00:00,655287.56264,-88377.20694,10.0,37.31899,83.90162
2023-09-14 07:30:00,655201.22113,-88480.95124,10.0,37.30908,83.90228
2023-09-14 08:00:00,655055.19296,-88539.57869,10.0,37.30235,83.90354
2023-09-14 08:30:00,654882.27893,-88529.47513,10.0,37.30121,83.90513
2023-09-14 09:00:00,654711.42106,-88447.38566,10.0,37.30628,83.90679
2023-09-14 09:30:00,654563.89058,-88297.98564,9.5,37.31741,83.90832
2023-09-14 10:00:00,654436.9347,-88085.13591,10.0,37.33424,83.90974
2023-09-14 10:30:00,654336.87404,-87810.30179,10.0,37.35672,83.91099
2023-09-14 11:00:00,654272.18256,-87491.48868,10.0,37.3834,83.91197
2023-09-14 11:30:00,654256.50382,-87132.70394,10.0,37.41409,83.91255
2023-09-14 12:00:00,654290.46231,-86758.20257,10.5,37.4467,83.91269
2023-09-14 12:30:00,654391.88104,-86359.50528,10.0,37.48217,83.91225
2023-09-14 13:00:00,654567.01664,-85977.92637,10.0,37.51699,83.91111
2023-09-14 13:30:00,654797.89548,-85628.93902,10.0,37.54962,83.90942
2023-09-14 14:00:00,655069.79407,-85316.5903,10.0,37.57954,83.90731
2023-09-14 14:30:00,655386.85409,-85059.98853,10.0,37.60515,83.90472
2023-09-14 15:00:00,655707.53297,-84875.97609,10.0,37.62454,83.90201
2023-09-14 15:30:00,656055.32595,-84769.76759,10.0,37.63753,83.89896
2023-09-14 16:00:00,656397.56646,-84748.76337,10.0,37.64313,83.89586
2023-09-14 16:30:00,656713.05759,-84807.67559,10.0,37.64157,83.89291
2023-09-14 17:00:00,656973.02706,-84948.73295,10.0,37.63235,83.89037
2023-09-14 17:30:00,657156.89471,-85152.91447,10.0,37.61688,83.88845
2023-09-14 18:00:00,657254.52016,-85391.27791,10.5,37.59753,83.88728
2023-09-14 18:30:00,657261.41629,-85646.70919,10.0,37.57571,83.88691
2023-09-14 19:00:00,657177.39896,-85879.21429,10.0,37.55484,83.8874
2023-09-14 19:30:00,657029.64917,-86079.06665,10.0,37.53605,83.88851
2023-09-14 20:00:00,656839.05843,-86237.52749,10.0,37.52032,83.89006
2023-09-14 20:30:00,656601.86895,-86358.40357,10.0,37.50728,83.89208
2023-09-14 21:00:00,656349.4334,-86436.73002,10.0,37.49771,83.89429
2023-09-14 21:30:00,656102.17364,-86455.85912,10.5,37.49327,83.89652
2023-09-14 22:00:00,655850.05357,-86426.74654,10.0,37.49292,83.89886
2023-09-14 22:30:00,655606.60099,-86345.3066,10.0,37.49716,83.90118
2023-09-14 23:00:00,655388.06462,-86224.36063,10.0,37.50508,83.90332
2023-09-14 23:30:00,655236.01827,-86072.54764,10.0,37.51641,83.90489
2023-09-15 00:00:00,655157.22266,-85905.75594,10.5,37.52986,83.90581
2023-09-15 00:30:00,655137.00022,-85749.92606,10.0,37.54303,83.90618
2023-09-15 01:00:00,655169.84696,-85632.80297,10.0,37.55347,83.90602
2023-09-15 01:30:00,655249.97945,-85539.29181,10.0,37.56241,83.9054
2023-09-15 02:00:00,655352.99283,-85463.39981,10.0,37.57009,83.90455
2023-09-15 02:30:00,655490.28706,-85426.96912,10.0,37.57476,83.90334
2023-09-15 03:00:00,655667.92938,-85433.94374,10.0,37.57615,83.90171
2023-09-15 03:30:00,655861.78816,-85526.60766,10.0,37.57036,83.89983
2023-09-15 04:00:00,656059.44115,-85724.38637,10.0,37.55559,83.89779
2023-09-15 04:30:00,656248.68717,-86036.1681,10.0,37.53095,83.89569
2023-09-15 05:00:00,656399.68321,-86462.81154,10.0,37.49604,83.8938
2023-09-15 05:30:00,656468.66499,-86977.36732,10.5,37.45268,83.89255
2023-09-15 06:00:00,656464.17264,-87522.33667,10.0,37.40589,83.89193
2023-09-15 06:30:00,656372.81027,-88074.30602,10.0,37.35751,83.89209
2023-09-15 07:00:00,656212.60999,-88621.14838,10.0,37.30877,83.89288
2023-09-15 07:30:00,655996.62567,-89163.52691,10.0,37.25975,83.89418
2023-09-15 08:00:00,655733.83602,-89648.93854,10.5,37.21505,83.89597
2023-09-15 08:30:00,655435.64045,-90085.84222,15.0,37.17406,83.89815
2023-09-15 09:00:00,655131.84411,-90434.28423,10.0,37.14057,83.90048
2023-09-15 09:30:00,654828.82233,-90714.5078,10.0,37.11292,83.90289
2023-09-15 10:00:00,654535.73228,-90922.14793,10.0,37.0916,83.9053
2023-09-15 10:30:00,654274.26004,-91051.69646,10.0,37.07735,83.90752
2023-09-15 11:00:00,654076.03123,-91128.49503,10.0,37.06838,83.90923
2023-09-15 11:30:00,653937.47038,-91194.12652,10.0,37.06108,83.91041
2023-09-15 12:00:00,653857.52155,-91264.067,10.0,37.05411,83.91105
2023-09-15 12:30:00,653830.37408,-91324.96268,10.0,37.04855,83.91122
2023-09-15 13:00:00,653895.80671,-91406.12564,10.0,37.04236,83.91052
2023-09-15 13:30:00,654013.19107,-91523.55209,10.0,37.03368,83.9093
2023-09-15 14:00:00,654162.99241,-91674.30972,10.5,37.02253,83.90774
2023-09-15 14:30:00,654367.5848,-91898.28396,10.0,37.00576,83.90559
2023-09-15 15:00:00,654598.71094,-92189.15921,10.0,36.98358,83.90311
2023-09-15 15:30:00,654848.28066,-92527.38087,10.0,36.95758,83.9004
2023-09-15 16:00:00,655104.74294,-92901.14045,10.0,36.92864,83.89758
2023-09-15 16:30:00,655344.41107,-93299.1959,10.0,36.89744,83.89488
2023-09-15 17:00:00,655552.64313,-93746.90478,10.0,36.86163,83.8924
2023-09-15 17:30:00,655722.50553,-94223.08304,10.0,36.82294,83.89023
2023-09-15 18:00:00,655831.62395,-94730.19168,9.5,36.78088,83.88857
2023-09-15 18:30:00,655873.60912,-95220.92466,10.0,36.73941,83.88754
2023-09-15 19:00:00,655852.61145,-95674.45707,10.0,36.70035,83.88713
2023-09-15 19:30:00,655773.57855,-96094.87608,10.0,36.6634,83.88729
2023-09-15 20:00:00,655643.72024,-96465.96721,10.5,36.63003,83.88798
2023-09-15 20:30:00,655474.27054,-96778.69298,10.0,36.60114,83.8891
2023-09-15 21:00:00,655292.31491,-96999.35781,10.0,36.57996,83.89046
2023-09-15 21:30:00,655088.11627,-97154.68039,10.0,36.56408,83.89211
2023-09-15 22:00:00,654885.88679,-97222.46294,10.0,36.55571,83.89386
2023-09-15 22:30:00,654722.75067,-97211.7918,10.0,36.55455,83.89536
2023-09-15 23:00:00,654595.12011,-97139.47957,10.5,36.55912,83.89662
2023-09-15 23:30:00,654549.54977,-97009.89294,10.0,36.56964,83.89721
2023-09-16 00:00:00,654612.95297,-96826.40868,10.0,36.58616,83.89688
2023-09-16 00:30:00,654783.22628,-96632.63968,10.0,36.60491,83.89559
2023-09-16 01:00:00,655015.08732,-96482.41963,10.0,36.6207,83.89368
2023-09-16 01:30:00,655297.43227,-96384.25724,10.0,36.63266,83.89124
2023-09-16 02:00:00,655627.09986,-96328.95222,10.5,36.64154,83.88831
2023-09-16 02:30:00,656026.39542,-96324.79296,10.0,36.64691,83.88468
2023-09-16 03:00:00,656450.45862,-96375.2372,10.0,36.64792,83.88075
2023-09-16 03:30:00,656871.39743,-96484.35201,10.0,36.64388,83.87677
2023-09-16 04:00:00,657272.73196,-96667.05868,10.0,36.63332,83.87287
2023-09-16 04:30:00,657624.76701,-96915.95585,10.0,36.61651,83.86933
2023-09-16 05:00:00,657924.9825,-97225.36602,10.0,36.59391,83.86618
2023-09-16 05:30:00,658162.00126,-97597.41304,10.5,36.5652,83.86352
2023-09-16 06:00:00,658305.77537,-98011.89768,10.0,36.53172,83.86165
2023-09-16 06:30:00,658366.53399,-98429.1324,10.0,36.49697,83.86053
2023-09-16 07:00:00,658325.77072,-98825.87103,10.0,36.46268,83.86036
2023-09-16 07:30:00,658206.82042,-99171.25374,10.0,36.43176,83.86097
2023-09-16 08:00:00,658037.56903,-99469.42209,10.5,36.40421,83.8621
2023-09-16 08:30:00,657811.3498,-99709.04414,10.0,36.38089,83.86383
2023-09-16 09:00:00,657571.07624,-99866.11553,10.0,36.36441,83.8658
2023-09-16 09:30:00,657348.64086,-99948.89063,10.0,36.35448,83.86771
2023-09-16 10:00:00,657168.36215,-99971.11878,10.0,36.35025,83.86932
2023-09-16 10:30:00,657046.15224,-99929.41382,10.0,36.35222,83.87049
2023-09-16 11:00:00,656971.06976,-99838.144,10.5,36.35903,83.8713
2023-09-16 11:30:00,656947.59487,-99710.31234,10.0,36.36962,83.87169
2023-09-16 12:00:00,656972.25919,-99569.42381,10.0,36.38195,83.87166
2023-09-16 12:30:00,657041.84986,-99421.84325,10.0,36.39543,83.87123
2023-09-16 13:00:00,657161.76747,-99275.39141,10.0,36.40946,83.87034
2023-09-16 13:30:00,657303.69371,-99157.55448,10.0,36.42133,83.86921
2023-09-16 14:00:00,657464.69454,-99094.05976,10.5,36.42881,83.86783
2023-09-16 14:30:00,657651.01123,-99105.35358,10.0,36.43024,83.86612
2023-09-16 15:00:00,657841.52379,-99211.56317,10.0,36.42364,83.86424
2023-09-16 15:30:00,658028.30545,-99378.80914,10.0,36.4118,83.86231
2023-09-16 16:00:00,658206.52693,-99609.71255,10.0,36.39444,83.86037
2023-09-16 16:30:00,658354.65204,-99872.03328,10.0,36.37403,83.85866
2023-09-16 17:00:00,658457.81516,-100176.56461,10.0,36.34946,83.8573
2023-09-16 17:30:00,658504.95815,-100494.55167,10.0,36.32303,83.85643
2023-09-16 18:00:00,658520.22934,-100833.15554,9.5,36.29444,83.85582
2023-09-16 18:30:00,658486.56653,-101174.42567,10.0,36.26499,83.85565
2023-09-16 19:00:00,658406.2687,-101503.34886,10.0,36.23598,83.85592
2023-09-16 19:30:00,658278.86748,-101815.89768,10.0,36.20774,83.85664
2023-09-16 20:00:00,658117.23109,-102094.14293,10.5,36.18196,83.85772
2023-09-16 20:30:00,657921.87176,-102338.64434,10.0,36.15859,83.85915
2023-09-16 21:00:00,657719.49797,-102529.8567,10.0,36.13965,83.86072
2023-09-16 21:30:00,657535.95773,-102670.40693,10.0,36.12526,83.86219
2023-09-16 22:00:00,657375.16365,-102763.65677,10.0,36.11519,83.86352
2023-09-16 22:30:00,657238.16588,-102824.14874,10.0,36.10822,83.86468
2023-09-16 23:00:00,657132.6291,-102852.17002,10.5,36.10443,83.8656
2023-09-16 23:30:00,657086.75736,-102864.25923,10.0,36.10279,83.866
2023-09-17 00:00:00,657094.07617,-102859.64771,10.0,36.10328,83.86594
2023-09-17 00:30:00,657152.03238,-102861.66971,10.0,36.10388,83.86541
2023-09-17 01:00:00,657269.12615,-102865.1898,10.0,36.10514,83.86434
2023-09-17 01:30:00,657435.50318,-102898.04663,10.0,36.10456,83.86278
2023-09-17 02:00:00,657637.8482,-102973.32478,10.5,36.10085,83.86083
2023-09-17 02:30:00,657877.78444,-103099.84766,10.0,36.09329,83.85847
2023-09-17 03:00:00,658116.6943,-103266.15651,10.0,36.08234,83.85606
2023-09-17 03:30:00,658357.05381,-103479.06717,10.0,36.06746,83.85357
2023-09-17 04:00:00,658589.48661,-103735.04559,10.0,36.04883,83.85109
2023-09-17 04:30:00,658799.02975,-104031.07434,10.0,36.02651,83.84876
2023-09-17 05:00:00,658981.79075,-104370.57572,10.0,36.00016,83.84661
2023-09-17 05:30:00,659101.28548,-104719.70445,10.5,35.97216,83.84502
2023-09-17 06:00:00,659176.14379,-105127.01062,10.0,35.93864,83.84375
2023-09-17 06:30:00,659176.84623,-105515.05759,10.0,35.90576,83.84318
2023-09-17 07:00:00,659116.05753,-105900.96798,10.0,35.87223,83.84317
2023-09-17 07:30:00,658999.61414,-106268.93564,10.0,35.83946,83.84369
2023-09-17 08:00:00,658827.00898,-106601.78888,10.0,35.80889,83.84477
2023-09-17 08:30:00,658623.61251,-106872.2961,10.0,35.78317,83.84622
2023-09-17 09:00:00,658394.78853,-107081.78708,10.0,35.76226,83.84799
2023-09-17 09:30:00,658174.16387,-107226.90685,10.0,35.74691,83.84978
2023-09-17 10:00:00,657966.99183,-107309.51089,9.5,35.73704,83.85154
2023-09-17 10:30:00,657790.11212,-107334.52575,10.0,35.73247,83.85311
2023-09-17 11:00:00,657641.38661,-107301.65552,10.0,35.7332,83.85451
2023-09-17 11:30:00,657540.07224,-107221.03318,10.0,35.73864,83.85555
2023-09-17 12:00:00,657495.83982,-107120.04142,10.5,35.7466,83.8561
2023-09-17 12:30:00,657514.56858,-107006.00648,10.0,35.75654,83.8561
2023-09-17 13:00:00,657596.24273,-106896.30633,10.0,35.76698,83.85552
2023-09-17 13:30:00,657734.40098,-106804.59092,10.0,35.77667,83.8544
2023-09-17 14:00:00,657917.59463,-106740.40919,10.0,35.78464,83.85283
2023-09-17 14:30:00,658136.9514,-106724.59816,10.0,35.789,83.85086
2023-09-17 15:00:00,658376.30058,-106768.71828,10.0,35.78855,83.84862
2023-09-17 15:30:00,658608.16233,-106879.3451,9.5,35.78236,83.84635
2023-09-17 16:00:00,658820.58223,-107041.8659,10.0,35.77151,83.84418
2023-09-17 16:30:00,659010.1927,-107256.49302,10.0,35.75594,83.84214
2023-09-17 17:00:00,659159.63847,-107521.3842,10.0,35.73557,83.84039
2023-09-17 17:30:00,659250.01444,-107817.15833,10.0,35.71178,83.83913
2023-09-17 18:00:00,659272.81402,-108118.65591,10.5,35.68658,83.83847
2023-09-17 18:30:00,659238.29542,-108452.33074,10.0,35.65786,83.83829
2023-09-17 19:00:00,659150.38804,-108772.04409,10.0,35.62958,83.83861
2023-09-17 19:30:00,659016.82145,-109067.2665,10.0,35.60273,83.83938
2023-09-17 20:00:00,658855.09654,-109332.21337,10.0,35.57804,83.84045
2023-09-17 20:30:00,658676.10187,-109594.30346,10.0,35.55334,83.84168
2023-09-17 21:00:00,658467.65229,-109853.96158,10.0,35.52842,83.84318
2023-09-17 21:30:00,658233.66997,-110061.37574,9.5,35.50755,83.84499
2023-09-17 22:00:00,657974.29153,-110183.16289,10.0,35.49356,83.84716
2023-09-17 22:30:00,657731.64235,-110218.0603,10.0,35.48716,83.84931
2023-09-17 23:00:00,657527.30802,-110201.75283,10.0,35.48564,83.85119
2023-09-17 23:30:00,657355.61785,-110161.53611,10.0,35.48661,83.85281
2023-09-18 00:00:00,657233.95799,-110098.81141,10.0,35.4902,83.85401
2023-09-18 00:30:00,657176.21036,-110016.14794,10.0,35.49639,83.85466
2023-09-18 01:00:00,657178.64792,-109929.18378,10.0,35.5038,83.85477
2023-09-18 01:30:00,657235.94348,-109856.58002,10.0,35.51077,83.85436
2023-09-18 02:00:00,657338.22581,-109811.29111,10.0,35.51606,83.8535
2023-09-18 02:30:00,657479.05,-109805.564,10.0,35.51854,83.85223
2023-09-18 03:00:00,657640.7575,-109839.64967,10.0,35.51794,83.85071
2023-09-18 03:30:00,657792.60516,-109932.74973,10.0,35.5122,83.84919
2023-09-18 04:00:00,657922.58134,-110097.30089,10.0,35.5001,83.84776
2023-09-18 04:30:00,658028.75384,-110318.26583,10.0,35.48289,83.84646
2023-09-18 05:00:00,658081.1084,-110564.17173,10.0,35.46281,83.84561
2023-09-18 05:30:00,658094.62662,-110798.17112,10.0,35.44319,83.84513
2023-09-18 06:00:00,658094.88727,-111018.86594,10.0,35.42451,83.84479
2023-09-18 06:30:00,658082.08174,-111231.70595,10.0,35.40631,83.84458
2023-09-18 07:00:00,658037.32805,-111431.11653,10.0,35.38879,83.84468
2023-09-18 07:30:00,657978.90398,-111613.31504,10.0,35.37253,83.84493
2023-09-18 08:00:00,657908.65565,-111773.99535,10.0,35.35792,83.84532
2023-09-18 08:30:00,657826.04248,-111896.99107,10.0,35.34632,83.84588
2023-09-18 09:00:00,657734.61107,-111981.01437,10.0,35.33789,83.84658
2023-09-18 09:30:00,657637.01746,-112036.44495,10.0,35.33179,83.84738
2023-09-18 10:00:00,657518.15012,-112074.41331,10.0,35.32686,83.8484
2023-09-18 10:30:00,657387.01508,-112061.5068,10.0,35.32606,83.84961
2023-09-18 11:00:00,657256.01021,-112002.58108,10.0,35.32916,83.85089
2023-09-18 11:30:00,657143.0219,-111889.6182,10.0,35.3371,83.85209
2023-09-18 12:00:00,657080.41701,-111745.96935,10.0,35.34837,83.85288
2023-09-18 12:30:00,657089.88543,-111586.51517,10.0,35.36202,83.85304
2023-09-18 13:00:00,657170.32929,-111430.60928,10.0,35.37639,83.85255
2023-09-18 13:30:00,657318.372,-111298.15827,10.0,35.38974,83.85141
2023-09-18 14:00:00,657517.8272,-111187.20798,10.0,35.402,83.84977
2023-09-18 14:30:00,657758.27232,-111100.81407,10.0,35.41276,83.84772
2023-09-18 15:00:00,658026.40501,-111046.05549,10.0,35.42123,83.84537
2023-09-18 15:30:00,658314.17439,-111025.01766,10.0,35.42712,83.84279
2023-09-18 16:00:00,658610.66516,-111043.69325,10.0,35.42977,83.84007
2023-09-18 16:30:00,658892.42059,-111090.96151,10.0,35.42979,83.83744
2023-09-18 17:00:00,659158.55694,-111165.53013,10.0,35.42728,83.83491
2023-09-18 17:30:00,659403.50511,-111248.14845,10.0,35.42379,83.83256
2023-09-18 18:00:00,659623.08848,-111324.38613,10.0,35.42048,83.83045
2023-09-18 18:30:00,659800.28865,-111397.16677,10.0,35.41686,83.82873
2023-09-18 19:00:00,659926.34205,-111466.18973,10.0,35.41283,83.82748
2023-09-18 19:30:00,660006.85691,-111524.33798,10.0,35.40907,83.82666
2023-09-18 20:00:00,660042.77026,-111572.58874,10.0,35.40551,83.82626
2023-09-18 20:30:00,660050.54056,-111591.79463,10.0,35.404,83.82616
2023-09-18 21:00:00,660037.68746,-111583.10462,10.0,35.40455,83.82629
2023-09-18 21:30:00,660040.86082,-111544.77635,10.0,35.40783,83.82632
2023-09-18 22:00:00,660060.28897,-111475.42511,10.0,35.41396,83.82625
2023-09-18 22:30:00,660103.96355,-111366.79695,10.0,35.42375,83.82602
2023-09-18 23:00:00,660173.39867,-111209.7722,10.0,35.43799,83.82563
2023-09-18 23:30:00,660264.89235,-111019.58374,10.0,35.45534,83.82509
2023-09-19 00:00:00,660385.01029,-110789.72424,10.0,35.47644,83.82435
2023-09-19 00:30:00,660553.60337,-110513.16395,10.0,35.50216,83.82324
2023-09-19 01:00:00,660788.5239,-110214.48777,10.0,35.53067,83.82156
2023-09-19 01:30:00,661088.87258,-109918.6811,10.0,35.55984,83.81928
2023-09-19 02:00:00,661457.94762,-109638.99179,10.0,35.58859,83.81635
2023-09-19 02:30:00,661870.32826,-109396.03999,10.0,35.61482,83.81297
2023-09-19 03:00:00,662321.1321,-109179.62162,10.0,35.63932,83.8092
2023-09-19 03:30:00,662791.34779,-109011.7803,10.0,35.65997,83.80518
2023-09-19 04:00:00,663272.18352,-108886.02023,10.0,35.6772,83.801
2023-09-19 04:30:00,663744.6131,-108811.18502,10.0,35.69001,83.79682
2023-09-19 05:00:00,664200.47614,-108783.54493,10.0,35.69861,83.79272
2023-09-19 05:30:00,664632.40797,-108787.70477,10.0,35.7042,83.78879
2023-09-19 06:00:00,665000.67248,-108824.38635,10.0,35.70618,83.78539
2023-09-19 06:30:00,665310.20687,-108883.62472,10.0,35.70546,83.78249
2023-09-19 07:00:00,665553.39602,-108958.13318,10.0,35.70255,83.78017
2023-09-19 07:30:00,665728.85594,-109049.61356,10.0,35.69729,83.77844
2023-09-19 08:00:00,665852.8333,-109139.49306,10.0,35.69146,83.77718
2023-09-19 08:30:00,665929.43067,-109209.45583,10.0,35.68665,83.77638
2023-09-19 09:00:00,665971.28071,-109249.62075,10.0,35.68386,83.77594
2023-09-19 09:30:00,665984.75509,-109248.01151,10.0,35.68418,83.77582
2023-09-19 10:00:00,665989.27868,-109200.29198,10.0,35.68824,83.77585
2023-09-19 10:30:00,665987.74738,-109102.16648,10.0,35.69644,83.77601
2023-09-19 11:00:00,665997.31146,-108956.3314,10.0,35.70879,83.77614
2023-09-19 11:30:00,666030.79618,-108758.19884,10.0,35.72585,83.77613
2023-09-19 12:00:00,666092.00811,-108511.11968,10.0,35.74739,83.77594
2023-09-19 12:30:00,666193.94491,-108222.78705,10.0,35.77294,83.77544
2023-09-19 13:00:00,666347.08659,-107909.63998,10.0,35.80126,83.77451
2023-09-19 13:30:00,666556.70936,-107586.4109,10.0,35.83118,83.77308
2023-09-19 14:00:00,666822.0752,-107264.34357,10.0,35.86174,83.77114
2023-09-19 14:30:00,667121.49533,-106989.42707,10.0,35.88879,83.76882
2023-09-19 15:00:00,667465.89527,-106755.63087,10.0,35.91298,83.76603
2023-09-19 15:30:00,667835.57049,-106576.40578,10.0,35.93292,83.76293
2023-09-19 16:00:00,668203.73613,-106461.39689,10.0,35.94745,83.75975
2023-09-19 16:30:00,668545.85274,-106419.95122,10.0,35.95547,83.7567
2023-09-19 17:00:00,668850.29905,-106449.26235,10.0,35.95707,83.75389
2023-09-19 17:30:00,669098.50059,-106514.02908,10.0,35.95496,83.75154
2023-09-19 18:00:00,669278.22242,-106608.15493,10.0,35.94949,83.74977
2023-09-19 18:30:00,669385.72141,-106741.24211,10.0,35.93981,83.7486
2023-09-19 19:00:00,669423.30502,-106871.11958,10.0,35.92947,83.74807
2023-09-19 19:30:00,669396.3707,-106963.98723,10.0,35.92136,83.74818
2023-09-19 20:00:00,669319.75986,-107050.94306,10.0,35.91308,83.74875
2023-09-19 20:30:00,669186.62617,-107078.52161,10.0,35.909,83.74992
2023-09-19 21:00:00,669011.5665,-107051.8271,10.0,35.90889,83.75155
2023-09-19 21:30:00,668805.95637,-106968.52595,10.0,35.9131,83.75354
2023-09-19 22:00:00,668579.9799,-106819.89257,10.0,35.9225,83.75581
2023-09-19 22:30:00,668352.11129,-106607.16254,10.0,35.93724,83.75819
2023-09-19 23:00:00,668143.10089,-106330.97073,10.0,35.95755,83.76049
2023-09-19 23:30:00,667975.6786,-106007.05986,10.0,35.98242,83.76248
2023-09-20 00:00:00,667869.11026,-105645.29555,10.0,36.01128,83.76397
2023-09-20 00:30:00,667827.74762,-105273.43076,10.0,36.04186,83.76488
2023-09-20 01:00:00,667847.64149,-104874.38942,10.0,36.07553,83.76527
2023-09-20 01:30:00,667932.13026,-104489.68302,10.0,36.10885,83.76505
2023-09-20 02:00:00,668073.72743,-104132.12151,10.0,36.14064,83.76427
2023-09-20 02:30:00,668248.31245,-103822.70759,10.0,36.16882,83.76312
2023-09-20 03:00:00,668441.02777,-103572.60304,10.0,36.19226,83.76172
2023-09-20 03:30:00,668642.00737,-103396.29868,10.0,36.20962,83.76014
2023-09-20 04:00:00,668827.44769,-103298.8805,10.0,36.22017,83.75859
2023-09-20 04:30:00,668972.53494,-103270.48375,10.0,36.22442,83.75731
2023-09-20 05:00:00,669067.36044,-103297.07787,10.0,36.22342,83.75641
2023-09-20 05:30:00,669101.39735,-103375.62665,10.0,36.21729,83.75599
2023-09-20 06:00:00,669081.61295,-103489.38731,10.0,36.20752,83.75601
2023-09-20 06:30:00,669013.98213,-103606.73827,10.0,36.19683,83.75646
2023-09-20 07:00:00,668894.95141,-103722.19803,10.0,36.18563,83.75738
2023-09-20 07:30:00,668720.256,-103820.72808,10.0,36.17512,83.75883
2023-09-20 08:00:00,668506.22068,-103896.35533,10.0,36.16601,83.76067
2023-09-20 08:30:00,668242.09219,-103926.37794,10.5,36.16006,83.76303
2023-09-20 09:00:00,667942.04276,-103932.84619,10.0,36.15561,83.76575
2023-09-20 09:30:00,667624.63531,-103888.35018,10.0,36.1552,83.7687
2023-09-20 10:00:00,667303.94227,-103794.31187,10.0,36.1589,83.77175
2023-09-20 10:30:00,666995.06211,-103652.55577,10.0,36.16676,83.77476
2023-09-20 11:00:00,666711.91964,-103465.3131,10.0,36.17878,83.7776
2023-09-20 11:30:00,666464.22014,-103240.69453,10.0,36.19441,83.78017
2023-09-20 12:00:00,666262.84587,-102990.93511,10.5,36.21277,83.78235
2023-09-20 12:30:00,666108.63876,-102717.80438,10.0,36.23371,83.78414
2023-09-20 13:00:00,666024.17827,-102445.47828,10.0,36.2555,83.78529
2023-09-20 13:30:00,666007.99328,-102193.12276,10.0,36.2765,83.78579
2023-09-20 14:00:00,666057.12789,-101972.93471,10.0,36.29564,83.78565
2023-09-20 14:30:00,666158.32697,-101792.69534,10.0,36.31209,83.78498
2023-09-20 15:00:00,666293.04856,-101666.07673,10.5,36.32446,83.78393
2023-09-20 15:30:00,666438.20607,-101607.76712,10.0,36.33122,83.78269
2023-09-20 16:00:00,666579.60835,-101617.30241,10.0,36.33223,83.78139
2023-09-20 16:30:00,666696.05816,-101689.58695,10.0,36.32765,83.78023
2023-09-20 17:00:00,666772.23375,-101824.10091,10.0,36.31733,83.77935
2023-09-20 17:30:00,666792.85053,-101998.39015,10.0,36.30296,83.77892
2023-09-20 18:00:00,666749.03266,-102195.42247,10.5,36.28585,83.77904
2023-09-20 18:30:00,666629.22106,-102406.22599,10.0,36.26661,83.77984
2023-09-20 19:00:00,666441.75819,-102610.32369,10.0,36.24705,83.78126
2023-09-20 19:30:00,666198.04914,-102800.87342,10.0,36.22789,83.78321
2023-09-20 20:00:00,665912.58954,-102969.47161,10.0,36.21002,83.78557
2023-09-20 20:30:00,665586.15956,-103104.08108,10.0,36.19446,83.78835
2023-09-20 21:00:00,665247.60583,-103192.01418,10.5,36.18265,83.79131
2023-09-20 21:30:00,664889.32259,-103230.83727,10.0,36.17471,83.79451
2023-09-20 22:00:00,664547.52842,-103216.01817,10.0,36.17149,83.79764
2023-09-20 22:30:00,664233.21173,-103158.7696,10.0,36.1722,83.80058
2023-09-20 23:00:00,663952.65759,-103061.08225,10.0,36.17676,83.80327
2023-09-20 23:30:00,663727.42023,-102932.75759,10.0,36.18463,83.8055
2023-09-21 00:00:00,663562.39451,-102784.35877,10.5,36.19499,83.80721
2023-09-21 00:30:00,663454.13649,-102617.66,10.0,36.20763,83.80843
2023-09-21 01:00:00,663415.18759,-102450.04733,10.0,36.22126,83.80902
2023-09-21 01:30:00,663440.31061,-102294.35967,10.0,36.23472,83.80901
2023-09-21 02:00:00,663514.833,-102167.37834,10.0,36.2464,83.80851
2023-09-21 02:30:00,663641.8858,-102070.2685,10.0,36.25624,83.80749
2023-09-21 03:00:00,663809.43377,-102017.05357,10.5,36.2629,83.80604
2023-09-21 03:30:00,663999.83363,-102015.35359,10.0,36.26551,83.80431
2023-09-21 04:00:00,664194.14342,-102074.04147,10.0,36.26308,83.80246
2023-09-21 04:30:00,664374.88298,-102192.38302,10.0,36.25545,83.80065
2023-09-21 05:00:00,664530.19219,-102368.72237,10.0,36.24261,83.79899
2023-09-21 05:30:00,664642.38201,-102596.32954,10.0,36.2249,83.79765
2023-09-21 06:00:00,664697.10931,-102860.99184,10.0,36.20333,83.79678
2023-09-21 06:30:00,664685.83361,-103139.4849,10.0,36.17974,83.79649
2023-09-21 07:00:00,664608.05963,-103427.73566,10.0,36.15446,83.79679
2023-09-21 07:30:00,664470.74195,-103702.14986,10.0,36.12956,83.79765
2023-09-21 08:00:00,664283.25912,-103944.99348,10.0,36.10665,83.79901
2023-09-21 08:30:00,664055.90473,-104146.9056,10.0,36.08665,83.80079
2023-09-21 09:00:00,663796.6298,-104306.50532,10.5,36.06978,83.80292
2023-09-21 09:30:00,663526.53559,-104401.7215,10.0,36.05818,83.80524
2023-09-21 10:00:00,663252.71986,-104450.57488,10.0,36.05043,83.80766
2023-09-21 10:30:00,662992.78175,-104453.15994,10.0,36.04676,83.81002
2023-09-21 11:00:00,662762.99993,-104410.91249,10.0,36.04727,83.81217
2023-09-21 11:30:00,662580.1691,-104335.89031,10.0,36.05117,83.81394
2023-09-21 12:00:00,662457.44669,-104237.60099,10.5,36.05783,83.8152
2023-09-21 12:30:00,662391.1256,-104125.57229,10.0,36.06641,83.81596
2023-09-21 13:00:00,662391.57581,-104017.7233,10.0,36.07552,83.81611
2023-09-21 13:30:00,662457.001,-103923.15234,10.0,36.08437,83.81565
2023-09-21 14:00:00,662577.60732,-103848.2324,10.0,36.09229,83.81466
2023-09-21 14:30:00,662749.53905,-103810.59119,10.0,36.09774,83.81315
2023-09-21 15:00:00,662954.6355,-103813.91017,10.5,36.10017,83.81128
2023-09-21 15:30:00,663170.84872,-103886.6633,10.0,36.09689,83.80921
2023-09-21 16:00:00,663385.92748,-104008.73234,10.0,36.08944,83.80708
2023-09-21 16:30:00,663576.63537,-104180.91389,10.0,36.07745,83.8051
2023-09-21 17:00:00,663732.34746,-104400.62844,10.0,36.061,83.80337
2023-09-21 17:30:00,663837.95203,-104644.85314,10.0,36.04183,83.80206
2023-09-21 18:00:00,663890.35038,-104903.80031,10.5,36.02072,83.80121
2023-09-21 18:30:00,663892.32827,-105177.65269,10.0,35.99769,83.8008
2023-09-21 19:00:00,663838.26505,-105435.26689,10.0,35.97528,83.80092
2023-09-21 19:30:00,663730.28947,-105671.57707,10.0,35.95394,83.80156
2023-09-21 20:00:00,663572.54661,-105867.58862,10.0,35.93532,83.80271
2023-09-21 20:30:00,663372.69358,-106016.88942,10.0,35.92006,83.80431
2023-09-21 21:00:00,663143.02696,-106111.58622,10.0,35.90899,83.80626
2023-09-21 21:30:00,662894.05684,-106154.92944,10.0,35.90198,83.80846
2023-09-21 22:00:00,662640.72214,-106136.18668,10.0,35.90014,83.81079
2023-09-21 22:30:00,662401.5853,-106063.14102,10.0,35.90307,83.81307
2023-09-21 23:00:00,662184.61805,-105947.79741,10.0,35.90987,83.81521
2023-09-21 23:30:00,662008.23843,-105798.71056,10.0,35.92007,83.81703
2023-09-22 00:00:00,661872.09089,-105617.97285,10.0,35.93349,83.81853
2023-09-22 00:30:00,661784.91899,-105433.39084,10.0,35.9479,83.81959
2023-09-22 01:00:00,661761.83006,-105246.74464,10.0,35.96335,83.82007
2023-09-22 01:30:00,661801.72178,-105078.77046,10.0,35.97807,83.81995
2023-09-22 02:00:00,661887.0787,-104942.86545,10.0,35.99069,83.81937
2023-09-22 02:30:00,662017.58494,-104848.07322,10.0,36.00044,83.81832
2023-09-22 03:00:00,662181.75502,-104804.53231,10.0,36.00631,83.81689
2023-09-22 03:30:00,662361.88379,-104813.01519,10.0,36.008,83.81524
2023-09-22 04:00:00,662544.05109,-104878.11247,10.0,36.00494,83.81349
2023-09-22 04:30:00,662708.94613,-104996.69569,10.0,35.99714,83.81182
2023-09-22 05:00:00,662843.05124,-105163.69714,10.0,35.98485,83.81036
2023-09-22 05:30:00,662932.48034,-105362.45998,10.0,35.96929,83.80926
2023-09-22 06:00:00,662965.52859,-105583.39657,10.0,35.95111,83.80864
2023-09-22 06:30:00,662927.68918,-105813.82761,10.0,35.93118,83.80865
2023-09-22 07:00:00,662818.65699,-106048.64875,10.0,35.90992,83.8093
2023-09-22 07:30:00,662653.19455,-106271.16374,10.0,35.88893,83.81048
2023-09-22 08:00:00,662442.56636,-106472.92095,10.0,35.86907,83.8121
2023-09-22 08:30:00,662189.2052,-106645.7352,10.0,35.85106,83.81415
2023-09-22 09:00:00,661919.19734,-106771.27113,10.0,35.8368,83.81642
2023-09-22 09:30:00,661628.33679,-106848.52498,10.0,35.82632,83.81895
2023-09-22 10:00:00,661335.56227,-106876.21463,10.0,35.81999,83.82157
2023-09-22 10:30:00,661054.83062,-106849.78887,10.0,35.81839,83.82416
2023-09-22 11:00:00,660804.27263,-106772.83983,10.0,35.82147,83.82655
2023-09-22 11:30:00,660599.76264,-106656.03569,10.0,35.82855,83.82858
2023-09-22 12:00:00,660449.42456,-106510.29826,10.0,35.83882,83.83016
2023-09-22 12:30:00,660363.97329,-106350.95344,10.0,35.85113,83.83117
2023-09-22 13:00:00,660336.10805,-106189.09472,10.0,35.86444,83.83166
2023-09-22 13:30:00,660364.78852,-106044.85309,10.0,35.87703,83.83161
2023-09-22 14:00:00,660443.44352,-105931.7968,10.0,35.88766,83.83106
2023-09-22 14:30:00,660564.24976,-105857.63491,10.0,35.89557,83.83007
2023-09-22 15:00:00,660719.17842,-105831.36695,10.0,35.89989,83.8287
2023-09-22 15:30:00,660878.27952,-105868.32669,10.0,35.89892,83.8272
2023-09-22 16:00:00,661030.18802,-105963.8986,10.0,35.8929,83.82568
2023-09-22 16:30:00,661156.75595,-106114.50467,10.0,35.88189,83.82431
2023-09-22 17:00:00,661246.61148,-106315.38654,10.0,35.86614,83.8232
2023-09-22 17:30:00,661290.16777,-106564.29557,10.0,35.84571,83.82244
2023-09-22 18:00:00,661275.60185,-106852.31325,10.0,35.82119,83.82215
2023-09-22 18:30:00,661174.97023,-107161.34958,10.0,35.79372,83.82261
2023-09-22 19:00:00,660999.33252,-107470.45896,10.0,35.76521,83.82375
2023-09-22 19:30:00,660750.66477,-107753.9176,10.0,35.73785,83.82559
2023-09-22 20:00:00,660435.70074,-108004.32562,10.0,35.71235,83.82808
2023-09-22 20:30:00,660087.50366,-108201.48157,10.0,35.69087,83.83095
2023-09-22 21:00:00,659713.38063,-108348.14214,10.0,35.67328,83.83413
2023-09-22 21:30:00,659322.26865,-108457.16306,10.0,35.65862,83.83752
2023-09-22 22:00:00,658917.9145,-108526.01165,10.0,35.64716,83.84109
2023-09-22 22:30:00,658530.13951,-108540.8867,10.0,35.64049,83.84459
2023-09-22 23:00:00,658172.16078,-108508.55027,10.0,35.63823,83.84789
2023-09-22 23:30:00,657861.91912,-108440.41956,10.0,35.63967,83.85081
2023-09-23 00:00:00,657608.69461,-108333.60274,10.0,35.64519,83.85327
2023-09-23 00:30:00,657425.74465,-108214.48414,10.0,35.65274,83.85511
2023-09-23 01:00:00,657316.88838,-108099.94624,10.0,35.66094,83.85627
2023-09-23 01:30:00,657276.47433,-108017.6615,10.0,35.66736,83.85676
2023-09-23 02:00:00,657292.69742,-107985.92518,10.0,35.67028,83.85666
2023-09-23 02:30:00,657354.10831,-108014.15969,10.0,35.66874,83.85606
2023-09-23 03:00:00,657440.08527,-108107.24348,10.0,35.66204,83.85514
2023-09-23 03:30:00,657541.54048,-108260.06591,10.0,35.65049,83.85399
2023-09-23 04:00:00,657641.56075,-108474.83673,10.0,35.63367,83.85276
2023-09-23 04:30:00,657733.7223,-108743.46291,10.0,35.61218,83.85152
2023-09-23 05:00:00,657799.80402,-109069.21011,10.0,35.58549,83.85043
2023-09-23 05:30:00,657809.66342,-109438.85729,10.5,35.5543,83.84978
2023-09-23 06:00:00,657756.14845,-109854.32025,10.0,35.51833,83.84964
2023-09-23 06:30:00,657645.77777,-110290.05247,10.0,35.47984,83.84998
2023-09-23 07:00:00,657462.85468,-110723.07535,10.0,35.44054,83.85098
2023-09-23 07:30:00,657222.85722,-111139.92385,10.0,35.40178,83.85252
2023-09-23 08:00:00,656937.93717,-111529.88076,10.5,35.36463,83.85451
2023-09-23 08:30:00,656607.0824,-111898.48372,10.0,35.32861,83.85694
2023-09-23 09:00:00,656257.79107,-112227.47927,10.0,35.29565,83.8596
2023-09-23 09:30:00,655900.33338,-112519.26456,10.0,35.2657,83.86239
2023-09-23 10:00:00,655550.50676,-112765.62766,10.0,35.23969,83.86518
2023-09-23 10:30:00,655224.22202,-112970.55271,10.0,35.21752,83.86782
2023-09-23 11:00:00,654932.38322,-113141.41601,10.0,35.19873,83.8702
2023-09-23 11:30:00,654680.88157,-113276.25173,9.5,35.18358,83.87227
2023-09-23 12:00:00,654482.70391,-113389.3812,10.0,35.17105,83.87389
2023-09-23 12:30:00,654331.04368,-113494.73863,10.0,35.15986,83.8751
2023-09-23 13:00:00,654227.01276,-113605.02134,10.0,35.14895,83.87587
2023-09-23 13:30:00,654178.53444,-113725.39972,10.0,35.138,83.87612
2023-09-23 14:00:00,654178.33536,-113863.81184,10.5,35.12623,83.8759
2023-09-23 14:30:00,654212.41404,-114031.1577,10.0,35.11251,83.87533
2023-09-23 15:00:00,654268.54934,-114227.67881,10.0,35.09664,83.87451
2023-09-23 15:30:00,654331.52259,-114454.16357,10.0,35.07833,83.87358
2023-09-23 16:00:00,654395.27479,-114700.98083,10.0,35.05831,83.87261
2023-09-23 16:30:00,654446.12823,-114976.81031,10.0,35.03564,83.87171
2023-09-23 17:00:00,654488.39231,-115294.54641,10.0,35.00929,83.87082
2023-09-23 17:30:00,654498.61437,-115636.75127,10.0,34.98039,83.87018
2023-09-23 18:00:00,654482.55255,-115995.57684,10.0,34.94969,83.86975
2023-09-23 18:30:00,654425.30171,-116355.3786,10.0,34.91829,83.86969
2023-09-23 19:00:00,654339.2752,-116714.53301,10.0,34.88651,83.86989
2023-09-23 19:30:00,654225.35951,-117055.71014,10.0,34.85583,83.87037
2023-09-23 20:00:00,654091.31348,-117370.43421,10.5,34.82708,83.87107
2023-09-23 20:30:00,653944.16826,-117657.23593,10.0,34.8005,83.87194
2023-09-23 21:00:00,653799.13389,-117892.56521,10.0,34.77831,83.87287
2023-09-23 21:30:00,653659.91944,-118076.795,10.0,34.76054,83.87383
2023-09-23 22:00:00,653535.60653,-118221.01302,10.0,34.74639,83.87472
2023-09-23 22:30:00,653430.01176,-118340.89346,10.0,34.73459,83.87548
2023-09-23 23:00:00,653341.26095,-118452.9579,10.0,34.72371,83.8761
2023-09-23 23:30:00,653274.69465,-118564.31187,10.0,34.71323,83.87652
2023-09-24 00:00:00,653238.46953,-118678.68804,10.0,34.70296,83.87666
2023-09-24 00:30:00,653224.68032,-118815.27713,10.0,34.69115,83.87656
2023-09-24 01:00:00,653233.66615,-118972.1557,10.0,34.67797,83.87622
2023-09-24 01:30:00,653260.78455,-119150.50073,10.0,34.66325,83.87568
2023-09-24 02:00:00,653303.5969,-119340.41929,10.5,34.64779,83.87498
2023-09-24 02:30:00,653361.94303,-119557.82056,10.0,34.63025,83.87409
2023-09-24 03:00:00,653425.27406,-119802.91076,10.0,34.61044,83.87311
2023-09-24 03:30:00,653489.7267,-120083.53566,10.0,34.58764,83.87206
2023-09-24 04:00:00,653550.96463,-120393.02692,10.0,34.56235,83.87099
2023-09-24 04:30:00,653597.7026,-120726.4871,10.0,34.53481,83.87001
2023-09-24 05:00:00,653634.02641,-121073.57991,10.0,34.50596,83.8691
2023-09-24 05:30:00,653649.00129,-121433.56729,10.0,34.47569,83.86836
2023-09-24 06:00:00,653638.37277,-121775.76802,10.0,34.44653,83.86788
2023-09-24 06:30:00,653606.25226,-122113.77135,10.0,34.41739,83.8676
2023-09-24 07:00:00,653558.88374,-122431.94718,10.0,34.38969,83.86749
2023-09-24 07:30:00,653495.30283,-122712.02009,10.0,34.36496,83.86759
2023-09-24 08:00:00,653417.51641,-122961.18801,10.0,34.34262,83.86787
2023-09-24 08:30:00,653333.65623,-123159.94623,10.0,34.32445,83.86829
2023-09-24 09:00:00,653245.61867,-123327.77639,15.0,34.30883,83.8688
2023-09-24 09:30:00,653171.16181,-123458.58881,10.0,34.29656,83.86925
2023-09-24 10:00:00,653104.78779,-123558.20434,10.0,34.28706,83.86968
2023-09-24 10:30:00,653050.1526,-123642.43526,10.0,34.27905,83.87003
2023-09-24 11:00:00,653013.24623,-123708.88119,10.0,34.27283,83.87025
2023-09-24 11:30:00,652992.43633,-123754.52431,10.0,34.26863,83.87036
2023-09-24 12:00:00,653001.47603,-123770.99554,10.0,34.26738,83.87025
2023-09-24 12:30:00,653027.34056,-123768.69573,10.0,34.26799,83.87002
2023-09-24 13:00:00,653068.79065,-123777.4964,10.0,34.26791,83.86963
2023-09-24 13:30:00,653130.84661,-123805.90845,10.0,34.2665,83.86902
2023-09-24 14:00:00,653206.65676,-123860.90657,10.0,34.26306,83.86824
2023-09-24 14:30:00,653299.53173,-123948.32899,10.0,34.25715,83.86725
2023-09-24 15:00:00,653399.23556,-124057.98288,10.0,34.24947,83.86616
2023-09-24 15:30:00,653499.2243,-124189.34933,10.0,34.23996,83.86503
2023-09-24 16:00:00,653604.20917,-124340.85651,10.0,34.22883,83.86382
2023-09-24 16:30:00,653695.51452,-124511.80132,10.0,34.21584,83.8627
2023-09-24 17:00:00,653766.19985,-124697.90882,10.0,34.20124,83.86174
2023-09-24 17:30:00,653812.0712,-124897.90014,10.0,34.18507,83.86098
2023-09-24 18:00:00,653838.09078,-125091.53838,10.0,34.16912,83.86041
2023-09-24 18:30:00,653846.60791,-125260.79953,10.0,34.15495,83.86004
2023-09-24 19:00:00,653842.52619,-125420.56511,10.0,34.14138,83.8598
2023-09-24 19:30:00,653831.32542,-125582.64401,10.0,34.1275,83.85962
2023-09-24 20:00:00,653816.05252,-125702.41493,10.0,34.11713,83.85955
2023-09-24 20:30:00,653810.46085,-125800.50273,10.0,34.10875,83.85943
2023-09-24 21:00:00,653809.81995,-125872.80253,10.0,34.10263,83.85931
2023-09-24 21:30:00,653820.89001,-125918.72116,10.0,34.09893,83.85913
2023-09-24 22:00:00,653837.82734,-125945.65303,10.0,34.09693,83.85893
2023-09-24 22:30:00,653871.2129,-125956.10806,10.0,34.09659,83.85861
2023-09-24 23:00:00,653933.53975,-125954.14679,10.0,34.09777,83.85805
2023-09-24 23:30:00,654027.1508,-125944.83071,10.0,34.10008,83.85722
2023-09-25 00:00:00,654153.299,-125921.64306,10.0,34.10409,83.85612
2023-09-25 00:30:00,654297.18564,-125903.9833,10.0,34.10792,83.85485
2023-09-25 01:00:00,654472.2494,-125890.99892,10.0,34.11186,83.85329
2023-09-25 01:30:00,654670.91459,-125881.81805,10.0,34.11586,83.85151
2023-09-25 02:00:00,654892.36936,-125880.6643,10.0,34.11955,83.84951
2023-09-25 02:30:00,655132.90909,-125889.55167,10.0,34.1227,83.84732
2023-09-25 03:00:00,655382.4499,-125909.15569,10.0,34.12509,83.84503
2023-09-25 03:30:00,655643.49992,-125949.45913,10.0,34.12592,83.8426
2023-09-25 04:00:00,655909.42437,-126004.69794,10.0,34.12557,83.8401
2023-09-25 04:30:00,656168.37532,-126073.20671,10.0,34.12399,83.83764
2023-09-25 05:00:00,656416.51177,-126146.18616,10.0,34.12186,83.83527
2023-09-25 05:30:00,656651.73293,-126217.29684,10.0,34.11968,83.83302
2023-09-25 06:00:00,656877.50797,-126274.2465,10.0,34.11854,83.83088
2023-09-25 06:30:00,657088.28577,-126317.14361,10.0,34.11834,83.8289
2023-09-25 07:00:00,657299.64261,-126345.52153,10.0,34.11937,83.82694
2023-09-25 07:30:00,657506.47512,-126362.90746,10.0,34.12125,83.82504
2023-09-25 08:00:00,657702.80224,-126365.882,10.0,34.12417,83.82326
2023-09-25 08:30:00,657897.40895,-126360.52894,10.0,34.12776,83.82151
2023-09-25 09:00:00,658091.36703,-126335.49596,10.0,34.13299,83.8198
2023-09-25 09:30:00,658292.91346,-126288.17899,10.0,34.14021,83.81806
2023-09-25 10:00:00,658513.74779,-126215.19898,10.0,34.14989,83.81619
2023-09-25 10:30:00,658760.34125,-126111.56305,10.0,34.16255,83.81414
2023-09-25 11:00:00,659039.3691,-125988.51374,10.0,34.17735,83.81183
2023-09-25 11:30:00,659347.19406,-125853.41629,9.5,34.19361,83.80928
2023-09-25 12:00:00,659687.41233,-125716.33798,10.0,34.21054,83.80644
2023-09-25 12:30:00,660053.78315,-125586.79548,10.0,34.22724,83.80335
2023-09-25 13:00:00,660445.7375,-125473.61787,10.0,34.24296,83.8
2023-09-25 13:30:00,660854.45796,-125382.53625,10.0,34.25708,83.79646
2023-09-25 14:00:00,661272.72894,-125318.40361,10.5,34.26908,83.79279
2023-09-25 14:30:00,661718.00373,-125277.42428,10.0,34.27956,83.78883
2023-09-25 15:00:00,662168.31232,-125264.03694,10.0,34.2878,83.78478
2023-09-25 15:30:00,662626.06323,-125281.39426,10.0,34.29358,83.78061
2023-09-25 16:00:00,663078.59886,-125326.32016,10.0,34.29697,83.77644
2023-09-25 16:30:00,663517.96487,-125394.13063,10.0,34.29824,83.77235
2023-09-25 17:00:00,663930.69835,-125474.17084,10.0,34.29807,83.76848
2023-09-25 17:30:00,664313.81395,-125563.6642,10.5,34.29665,83.76486
2023-09-25 18:00:00,664697.88323,-125650.15898,10.0,34.29549,83.76124
2023-09-25 18:30:00,665068.88348,-125717.0444,10.0,34.29576,83.75777
2023-09-25 19:00:00,665427.62724,-125761.04019,10.0,34.29774,83.75445
2023-09-25 19:30:00,665772.1668,-125774.88748,10.0,34.302,83.75131
2023-09-25 20:00:00,666114.25349,-125754.86817,10.0,34.30903,83.74825
2023-09-25 20:30:00,666442.90103,-125700.55065,10.0,34.31869,83.74537
2023-09-25 21:00:00,666777.21376,-125610.19805,10.0,34.33142,83.7425
2023-09-25 21:30:00,667117.34666,-125488.73195,10.0,34.34681,83.73963
2023-09-25 22:00:00,667471.43076,-125339.80589,10.0,34.36468,83.73668
2023-09-25 22:30:00,667840.29754,-125164.73162,10.0,34.38493,83.73364
2023-09-25 23:00:00,668235.65192,-124965.76638,10.0,34.40755,83.7304
2023-09-25 23:30:00,668655.2956,-124748.58842,10.0,34.43203,83.72697
2023-09-26 00:00:00,669097.99839,-124525.59158,10.0,34.45732,83.72334
2023-09-26 00:30:00,669564.87782,-124308.5424,10.0,34.48246,83.71948
2023-09-26 01:00:00,670048.60773,-124107.18205,10.0,34.50653,83.71544
2023-09-26 01:30:00,670536.30364,-123937.37756,10.5,34.52802,83.71131
2023-09-26 02:00:00,671046.75091,-123799.69889,10.0,34.54718,83.70692
2023-09-26 02:30:00,671544.41663,-123712.87781,10.0,34.56192,83.70256
2023-09-26 03:00:00,672026.22035,-123688.00864,10.0,34.57129,83.69824
2023-09-26 03:30:00,672480.91179,-123720.36701,10.0,34.57552,83.69407
2023-09-26 04:00:00,672887.56394,-123807.68452,10.5,34.57449,83.69024
2023-09-26 04:30:00,673246.86348,-123958.22801,10.0,34.56754,83.68674
2023-09-26 05:00:00,673537.2022,-124151.21772,10.0,34.55606,83.68379
2023-09-26 05:30:00,673769.12794,-124367.24215,10.0,34.54181,83.68133
2023-09-26 06:00:00,673948.91475,-124602.10788,10.0,34.52523,83.67931
2023-09-26 06:30:00,674080.42041,-124840.8171,10.0,34.50761,83.67772
2023-09-26 07:00:00,674178.94946,-125060.37129,10.0,34.49107,83.67646
2023-09-26 07:30:00,674297.7408,-125253.82036,10.0,34.47699,83.67506
2023-09-26 08:00:00,674429.89641,-125404.894,10.0,34.4666,83.67361
2023-09-26 08:30:00,674555.13401,-125503.94369,10.0,34.46038,83.67231
2023-09-26 09:00:00,674694.3068,-125563.70718,10.0,34.4576,83.67095
2023-09-26 09:30:00,674841.37322,-125575.11314,10.0,34.45891,83.6696
2023-09-26 10:00:00,675021.07186,-125571.49658,10.0,34.46195,83.66798
2023-09-26 10:30:00,675245.03265,-125543.78174,10.0,34.46764,83.666
2023-09-26 11:00:00,675514.32227,-125492.12458,10.0,34.47598,83.66365
2023-09-26 11:30:00,675837.53512,-125435.63677,10.0,34.48553,83.66082
2023-09-26 12:00:00,676197.07734,-125373.81774,10.0,34.49606,83.65767
2023-09-26 12:30:00,676594.35755,-125322.8912,10.0,34.50626,83.65416
2023-09-26 13:00:00,677017.62282,-125292.64418,10.0,34.51515,83.65038
2023-09-26 13:30:00,677471.33879,-125300.79265,10.0,34.52135,83.64626
2023-09-26 14:00:00,677949.29354,-125345.13868,10.0,34.52495,83.64186
2023-09-26 14:30:00,678420.88917,-125423.88203,10.0,34.52564,83.63746
2023-09-26 15:00:00,678898.44686,-125548.07566,10.0,34.52271,83.63293
2023-09-26 15:30:00,679359.9833,-125717.05971,10.0,34.51589,83.62847
2023-09-26 16:00:00,679788.65701,-125926.21669,10.0,34.50531,83.62424
2023-09-26 16:30:00,680188.13975,-126161.56968,10.0,34.49217,83.62023
2023-09-26 17:00:00,680554.35946,-126427.07427,10.0,34.47609,83.61647
2023-09-26 17:30:00,680887.12655,-126705.76837,10.0,34.45845,83.61299
2023-09-26 18:00:00,681167.38364,-126975.2801,10.0,34.44078,83.61
2023-09-26 18:30:00,681423.7098,-127242.3733,10.0,34.42296,83.60723
2023-09-26 19:00:00,681653.68188,-127490.44395,10.0,34.4063,83.60473
2023-09-26 19:30:00,681859.47956,-127713.82155,10.0,34.39129,83.60249
2023-09-26 20:00:00,682064.63086,-127899.12964,10.0,34.37937,83.60032
2023-09-26 20:30:00,682272.76762,-128050.70437,10.0,34.37024,83.59818
2023-09-26 21:00:00,682486.13152,-128174.35654,10.0,34.36346,83.59604
2023-09-26 21:30:00,682720.3816,-128269.17488,10.0,34.35934,83.59376
2023-09-26 22:00:00,682970.37053,-128333.17312,10.0,34.35796,83.59139
2023-09-26 22:30:00,683229.17015,-128362.04981,10.0,34.35956,83.589
2023-09-26 23:00:00,683510.57023,-128364.77528,10.0,34.36362,83.58645
2023-09-26 23:30:00,683824.39974,-128365.51762,10.0,34.36833,83.58361
2023-09-27 00:00:00,684163.27463,-128362.37837,10.0,34.37373,83.58055
2023-09-27 00:30:00,684525.59815,-128369.75618,10.0,34.37863,83.57726
2023-09-27 01:00:00,684906.15857,-128391.87414,10.0,34.38261,83.57378
2023-09-27 01:30:00,685301.7135,-128440.14821,10.0,34.3847,83.57012
2023-09-27 02:00:00,685691.58616,-128512.84702,10.0,34.38473,83.56647
2023-09-27 02:30:00,686082.18937,-128617.04196,10.0,34.38223,83.56276
2023-09-27 03:00:00,686457.76081,-128760.12593,10.0,34.37637,83.55912
2023-09-27 03:30:00,686805.4709,-128945.59122,10.0,34.36668,83.55566
2023-09-27 04:00:00,687127.17776,-129163.42398,10.0,34.354,83.55238
2023-09-27 04:30:00,687398.81263,-129388.63945,10.0,34.33998,83.54954
2023-09-27 05:00:00,687629.45979,-129631.63592,10.0,34.32392,83.54704
2023-09-27 05:30:00,687815.14073,-129878.23265,10.0,34.3069,83.54494
2023-09-27 06:00:00,687958.53051,-130131.76832,10.0,34.28869,83.54321
2023-09-27 06:30:00,688069.77857,-130379.45963,10.0,34.27047,83.54178
2023-09-27 07:00:00,688148.71587,-130610.54179,10.0,34.2531,83.54067
2023-09-27 07:30:00,688209.37821,-130821.04916,10.0,34.23711,83.53976
2023-09-27 08:00:00,688250.58676,-131005.62806,10.0,34.22291,83.53907
2023-09-27 08:30:00,688285.119,-131155.35958,10.0,34.21141,83.5385
2023-09-27 09:00:00,688332.30148,-131273.4146,10.0,34.20265,83.53787
2023-09-27 09:30:00,688399.94525,-131371.11405,10.0,34.19584,83.53709
2023-09-27 10:00:00,688477.24874,-131446.80922,10.5,34.19095,83.53626
2023-09-27 10:30:00,688583.26914,-131505.99629,10.0,34.18782,83.5352
2023-09-27 11:00:00,688715.52136,-131554.92572,10.0,34.18592,83.53392
2023-09-27 11:30:00,688880.93987,-131592.38023,10.0,34.18545,83.53236
2023-09-27 12:00:00,689081.41991,-131625.81504,10.0,34.18584,83.53049
2023-09-27 12:30:00,689307.96284,-131667.59208,10.0,34.18596,83.52837
2023-09-27 13:00:00,689563.21841,-131721.21449,10.0,34.18557,83.52597
2023-09-27 13:30:00,689829.5012,-131780.81555,10.0,34.18487,83.52346
2023-09-27 14:00:00,690106.82767,-131857.88896,10.0,34.18294,83.52082
2023-09-27 14:30:00,690389.41076,-131947.97667,10.0,34.18005,83.51811
2023-09-27 15:00:00,690666.23439,-132056.61076,10.0,34.17559,83.51542
2023-09-27 15:30:00,690934.45706,-132181.27149,10.0,34.16972,83.51278
2023-09-27 16:00:00,691182.4203,-132324.0513,10.5,34.1621,83.51029
2023-09-27 16:30:00,691413.16926,-132483.51787,10.0,34.15288,83.50793
2023-09-27 17:00:00,691619.24769,-132655.16,10.0,34.14232,83.50577
2023-09-27 17:30:00,691799.42138,-132829.05264,10.0,34.13119,83.50384
2023-09-27 18:00:00,691952.24997,-133001.15357,10.0,34.11979,83.50216
2023-09-27 18:30:00,692082.69728,-133174.40826,10.0,34.10796,83.50068
2023-09-27 19:00:00,692185.39421,-133324.9692,10.0,34.09752,83.49949
2023-09-27 19:30:00,692269.23561,-133458.40874,10.0,34.08816,83.4985
2023-09-27 20:00:00,692342.57369,-133566.13882,10.5,34.08069,83.49765
2023-09-27 20:30:00,692415.97205,-133655.78964,10.0,34.07467,83.49683
2023-09-27 21:00:00,692492.20303,-133719.52312,10.0,34.07076,83.49603
2023-09-27 21:30:00,692579.10968,-133756.61719,10.0,34.06914,83.49518
2023-09-27 22:00:00,692683.9009,-133775.60129,10.0,34.06924,83.4942
2023-09-27 22:30:00,692803.37768,-133775.84786,10.0,34.07106,83.49312
2023-09-27 23:00:00,692938.89676,-133767.5173,10.0,34.07381,83.49191
2023-09-27 23:30:00,693091.98511,-133754.15798,10.0,34.07723,83.49055
2023-09-28 00:00:00,693259.20856,-133736.35416,10.0,34.08122,83.48907
2023-09-28 00:30:00,693440.09382,-133722.29179,10.0,34.08512,83.48746
2023-09-28 01:00:00,693630.22702,-133717.64705,10.0,34.08841,83.48575
2023-09-28 01:30:00,693827.60812,-133727.06236,10.0,34.09069,83.48395
2023-09-28 02:00:00,694033.43715,-133755.80357,10.0,34.09156,83.48204
2023-09-28 02:30:00,694222.51707,-133802.54806,10.0,34.09074,83.48025
2023-09-28 03:00:00,694402.67884,-133872.5935,10.0,34.08793,83.4785
2023-09-28 03:30:00,694564.40593,-133963.62097,10.0,34.08317,83.47688
2023-09-28 04:00:00,694709.23854,-134079.0866,10.0,34.07621,83.47537
2023-09-28 04:30:00,694829.64879,-134217.80265,10.0,34.06703,83.47404
2023-09-28 05:00:00,694925.03636,-134371.35631,10.0,34.05629,83.47291
2023-09-28 05:30:00,695001.99318,-134534.22574,10.0,34.04453,83.47193
2023-09-28 06:00:00,695059.70421,-134704.864,10.0,34.03186,83.47111
2023-09-28 06:30:00,695089.62198,-134875.94026,10.0,34.01873,83.47054
2023-09-28 07:00:00,695100.04385,-135050.30804,10.0,34.00504,83.47014
2023-09-28 07:30:00,695094.93672,-135213.2402,10.0,33.99202,83.4699
2023-09-28 08:00:00,695077.05604,-135361.98656,10.0,33.97993,83.4698
2023-09-28 08:30:00,695051.6468,-135492.39655,10.0,33.96918,83.4698
2023-09-28 09:00:00,695027.98687,-135608.03704,10.0,33.95963,83.46981
2023-09-28 09:30:00,695008.76142,-135706.53556,10.0,33.95151,83.46981
2023-09-28 10:00:00,694997.36681,-135787.5487,10.0,33.9449,83.46977
2023-09-28 10:30:00,694996.01322,-135851.13187,10.0,33.93983,83.46967
2023-09-28 11:00:00,695014.84826,-135902.04084,10.0,33.93608,83.46941
2023-09-28 11:30:00,695050.2471,-135947.50299,9.5,33.93302,83.46901
2023-09-28 12:00:00,695110.71873,-135989.30983,10.0,33.93064,83.46839
2023-09-28 12:30:00,695188.29855,-136034.21815,10.0,33.92828,83.46761
2023-09-28 13:00:00,695282.5563,-136090.08374,10.0,33.92531,83.46666
2023-09-28 13:30:00,695384.19797,-136159.12579,10.0,33.92141,83.46562
2023-09-28 14:00:00,695491.13092,-136246.36191,10.0,33.91615,83.4645
2023-09-28 14:30:00,695590.36172,-136350.26497,10.0,33.90945,83.46342
2023-09-28 15:00:00,695679.33966,-136478.15973,10.0,33.90069,83.46239
2023-09-28 15:30:00,695754.35851,-136626.3014,10.0,33.89011,83.46145
2023-09-28 16:00:00,695808.72112,-136794.89135,10.0,33.87759,83.46066
2023-09-28 16:30:00,695837.41608,-136981.1749,10.0,33.86327,83.46007
2023-09-28 17:00:00,695841.47114,-137185.47038,10.0,33.84714,83.45967
2023-09-28 17:30:00,695818.38056,-137397.93214,10.0,33.82994,83.4595
2023-09-28 18:00:00,695770.33168,-137613.04023,10.0,33.81214,83.45955
2023-09-28 18:30:00,695701.67457,-137825.57649,10.0,33.79422,83.45979
2023-09-28 19:00:00,695617.44616,-138032.48248,10.0,33.7765,83.46018
2023-09-28 19:30:00,695525.3493,-138228.46005,10.0,33.75952,83.46066
2023-09-28 20:00:00,695428.42149,-138414.99021,10.0,33.74321,83.4612
2023-09-28 20:30:00,695336.06388,-138578.29689,10.0,33.72881,83.46174
2023-09-28 21:00:00,695245.55656,-138726.5494,10.0,33.71563,83.46229
2023-09-28 21:30:00,695163.37627,-138855.11461,10.0,33.70414,83.4628
2023-09-28 22:00:00,695096.55635,-138967.67729,10.0,33.69416,83.4632
2023-09-28 22:30:00,695035.02912,-139064.75625,10.0,33.68549,83.46358
2023-09-28 23:00:00,694988.43621,-139153.58453,10.0,33.67771,83.46384
2023-09-28 23:30:00,694955.66281,-139239.74898,10.0,33.67036,83.46398
2023-09-29 00:00:00,694939.20556,-139321.86313,10.0,33.66359,83.46398
2023-09-29 00:30:00,694935.52384,-139406.5401,10.0,33.65682,83.46386
2023-09-29 01:00:00,694940.36774,-139503.90895,10.0,33.64918,83.46364
2023-09-29 01:30:00,694947.80267,-139610.38544,10.0,33.64086,83.46338
2023-09-29 02:00:00,694955.52307,-139726.39236,10.0,33.63179,83.4631
2023-09-29 02:30:00,694967.22401,-139855.57831,10.0,33.62174,83.46276
2023-09-29 03:00:00,694977.11225,-140010.16093,10.0,33.60965,83.46239
2023-09-29 03:30:00,694967.04917,-140181.05995,10.0,33.59595,83.46217
2023-09-29 04:00:00,694942.94809,-140371.85846,10.0,33.58045,83.46204
2023-09-29 04:30:00,694901.37652,-140582.99152,10.0,33.56306,83.46203
2023-09-29 05:00:00,694850.84412,-140805.18749,10.0,33.54465,83.46208
2023-09-29 05:30:00,694775.70467,-141054.68098,10.5,33.52368,83.4623
2023-09-29 06:00:00,694683.34979,-141329.74808,10.0,33.50041,83.46263
2023-09-29 06:30:00,694576.02631,-141611.68252,10.0,33.47635,83.46308
2023-09-29 07:00:00,694457.81756,-141902.84123,10.0,33.45138,83.46361
2023-09-29 07:30:00,694336.38996,-142198.21399,10.0,33.42602,83.46416
2023-09-29 08:00:00,694213.55005,-142493.18414,10.5,33.40066,83.46472
2023-09-29 08:30:00,694089.3425,-142791.09205,10.0,33.37505,83.46529
2023-09-29 09:00:00,693972.54419,-143083.46778,10.0,33.34999,83.4658
2023-09-29 09:30:00,693866.60186,-143370.96601,10.0,33.32549,83.46622
2023-09-29 10:00:00,693770.34301,-143659.29311,10.0,33.30108,83.46655
2023-09-29 10:30:00,693689.42049,-143937.25911,10.0,33.27774,83.46676
2023-09-29 11:00:00,693623.85349,-144210.18981,10.0,33.25505,83.46684
2023-09-29 11:30:00,693574.93387,-144471.93021,10.5,33.23352,83.46679
2023-09-29 12:00:00,693538.14432,-144728.24831,10.0,33.21262,83.46664
2023-09-29 12:30:00,693521.23925,-144973.95483,10.0,33.19289,83.46633
2023-09-29 13:00:00,693517.18773,-145221.49217,10.0,33.17323,83.4659
2023-09-29 13:30:00,693532.2167,-145472.93819,10.0,33.15358,83.46529
2023-09-29 14:00:00,693565.02257,-145730.01358,10.5,33.13378,83.46451
2023-09-29 14:30:00,693607.8777,-146005.92172,10.0,33.11267,83.4636
2023-09-29 15:00:00,693657.1816,-146293.71139,10.0,33.09073,83.46261
2023-09-29 15:30:00,693710.69926,-146592.5942,10.0,33.06799,83.46156
2023-09-29 16:00:00,693767.08327,-146908.8764,10.0,33.04393,83.46045
2023-09-29 16:30:00,693815.35535,-147247.07862,10.0,33.01801,83.45937
2023-09-29 17:00:00,693850.49724,-147599.30511,10.0,32.99077,83.45838
2023-09-29 17:30:00,693883.08535,-147962.74004,10.0,32.96261,83.45739
2023-09-29 18:00:00,693893.82234,-148349.60029,10.0,32.93224,83.45655
2023-09-29 18:30:00,693891.56229,-148749.48102,10.0,32.90063,83.4558
2023-09-29 19:00:00,693868.90279,-149155.33165,10.0,32.86821,83.45522
2023-09-29 19:30:00,693842.04421,-149558.95626,10.0,32.8359,83.45468
2023-09-29 20:00:00,693800.4296,-149978.34489,10.0,32.8021,83.45424
2023-09-29 20:30:00,693755.11723,-150377.72029,10.0,32.76982,83.45387
2023-09-29 21:00:00,693704.87092,-150773.15353,10.0,32.73777,83.45355
2023-09-29 21:30:00,693660.22285,-151157.16515,10.0,32.70672,83.4532
2023-09-29 22:00:00,693621.02953,-151525.41459,10.0,32.67701,83.45283
2023-09-29 22:30:00,693592.94179,-151877.61737,10.0,32.64876,83.45239
2023-09-29 23:00:00,693580.2298,-152214.7183,10.0,32.62197,83.45184
2023-09-29 23:30:00,693574.7447,-152533.41477,9.5,32.59676,83.45126
2023-09-30 00:00:00,693581.78554,-152840.07761,10.0,32.57272,83.45059
2023-09-30 00:30:00,693616.83092,-153140.29051,10.0,32.54968,83.44968
2023-09-30 01:00:00,693653.95581,-153450.69613,10.0,32.52588,83.44873
2023-09-30 01:30:00,693709.6099,-153767.32916,10.0,32.50192,83.4476
2023-09-30 02:00:00,693783.79996,-154088.1936,10.5,32.47796,83.44629
2023-09-30 02:30:00,693867.29194,-154427.75351,15.0,32.4527,83.44487
2023-09-30 03:00:00,693946.41995,-154770.05092,10.0,32.42716,83.44347
2023-09-30 03:30:00,694036.47098,-155119.76056,10.0,32.40124,83.44196
2023-09-30 04:00:00,694128.75239,-155498.62082,10.0,32.37308,83.44037
2023-09-30 04:30:00,694213.04943,-155902.33518,10.0,32.34284,83.4388
2023-09-30 05:00:00,694308.45601,-156334.96375,10.0,32.31054,83.43707
2023-09-30 05:30:00,694382.94731,-156795.058,10.0,32.27573,83.43547
2023-09-30 06:00:00,694454.01763,-157264.15091,10.0,32.24017,83.43388
2023-09-30 06:30:00,694510.62418,-157756.4375,10.0,32.20255,83.43237
2023-09-30 07:00:00,694547.17115,-158271.79071,10.0,32.16278,83.43099
2023-09-30 07:30:00,694582.33972,-158791.63487,10.0,32.12265,83.42961
2023-09-30 08:00:00,694593.61373,-159341.17909,10.0,32.07978,83.42838
2023-09-30 08:30:00,694595.12135,-159878.08555,10.0,32.03774,83.42726
2023-09-30 09:00:00,694598.23086,-160406.35146,10.0,31.99642,83.42614
2023-09-30 09:30:00,694567.88795,-160932.92283,10.0,31.95464,83.42532
2023-09-30 10:00:00,694560.32549,-161441.41329,10.0,31.9147,83.42433
2023-09-30 10:30:00,694539.70436,-161951.7421,10.0,31.87439,83.42345
2023-09-30 11:00:00,694519.48357,-162463.5815,10.0,31.83398,83.42256
2023-09-30 11:30:00,694519.10147,-162979.70519,10.0,31.79361,83.42148
2023-09-30 12:00:00,694546.85442,-163469.61436,10.0,31.75582,83.4202
2023-09-30 12:30:00,694559.71039,-163969.24959,10.0,31.71701,83.41903
2023-09-30 13:00:00,694598.96383,-164440.87366,10.0,31.68089,83.41768
2023-09-30 13:30:00,694669.29606,-164907.38689,10.0,31.64576,83.41606
2023-09-30 14:00:00,694744.07651,-165368.13411,10.0,31.61118,83.41441
2023-09-30 14:30:00,694839.31272,-165798.22425,10.0,31.57939,83.41264
2023-09-30 15:00:00,694929.66361,-166266.47539,10.0,31.54455,83.41083
2023-09-30 15:30:00,695029.91357,-166780.83737,10.0,31.50632,83.40883
2023-09-30 16:00:00,695127.3999,-167337.83054,10.0,31.46474,83.40676
2023-09-30 16:30:00,695196.46574,-167941.4595,10.0,31.41902,83.40484
2023-09-30 17:00:00,695248.48377,-168558.12905,10.0,31.37199,83.40304
2023-09-30 17:30:00,695241.13967,-169223.66504,10.0,31.32006,83.40166
2023-09-30 18:00:00,695216.94574,-169919.05326,10.0,31.26551,83.40036
2023-09-30 18:30:00,695159.35953,-170633.79503,10.0,31.20884,83.39931
2023-09-30 19:00:00,695099.15545,-171356.23214,10.0,31.15154,83.39826
2023-09-30 19:30:00,695018.19265,-172078.14275,10.0,31.0939,83.39739
2023-09-30 20:00:00,694863.52659,-172805.23186,9.5,31.03445,83.39716
2023-09-30 20:30:00,694671.2587,-173522.72503,10.0,30.97502,83.39728
2023-09-30 21:00:00,694457.1386,-174221.43858,10.0,30.91662,83.39763
2023-09-30 21:30:00,694233.7131,-174887.31806,10.0,30.86058,83.39813
2023-09-30 22:00:00,694033.63169,-175513.89386,10.5,30.80804,83.3985
2023-09-30 22:30:00,693823.82922,-176109.29319,10.0,30.75772,83.39903
2023-09-30 23:00:00,693600.37253,-176671.46293,15.0,30.7097,83.39975
2023-09-30 23:30:00,693380.79999,-177192.73344,10.0,30.66492,83.40052
2023-10-01 00:00:00,693193.44834,-177679.31639,10.0,30.62346,83.40108
2023-10-01 00:30:00,693032.66983,-178130.86062,10.0,30.58524,83.40148
2023-10-01 01:00:00,692901.1214,-178554.80019,10.0,30.54974,83.40168
2023-10-01 01:30:00,692800.6045,-178957.4494,10.0,30.51651,83.40165
2023-10-01 02:00:00,692712.13603,-179347.06472,10.5,30.48453,83.40154
2023-10-01 02:30:00,692645.5097,-179760.23197,10.0,30.45117,83.40118
2023-10-01 03:00:00,692640.24026,-180173.75918,10.0,30.41902,83.40027
2023-10-01 03:30:00,692648.54429,-180598.94485,10.0,30.38625,83.39921
2023-10-01 04:00:00,692681.32582,-181036.99252,10.0,30.35299,83.3979
2023-10-01 04:30:00,692734.6536,-181494.28942,10.0,30.31867,83.39636
2023-10-01 05:00:00,692801.99078,-181965.68452,10.0,30.28356,83.39466
2023-10-01 05:30:00,692882.92736,-182444.12763,10.5,30.2482,83.39282
2023-10-01 06:00:00,692941.95063,-182961.93327,10.0,30.20937,83.39108
2023-10-01 06:30:00,693006.27907,-183488.1393,10.0,30.17002,83.38927
2023-10-01 07:00:00,693067.91841,-184014.68809,10.0,30.13061,83.38748
2023-10-01 07:30:00,693120.928,-184546.9893,10.0,30.0906,83.38575
2023-10-01 08:00:00,693176.97591,-185062.56496,10.5,30.05196,83.38403
2023-10-01 08:30:00,693234.43312,-185596.38934,10.0,30.01197,83.38225
2023-10-01 09:00:00,693282.33478,-186114.38426,10.0,29.97302,83.38059
2023-10-01 09:30:00,693345.55828,-186615.99314,10.0,29.93567,83.37883
2023-10-01 10:00:00,693412.90087,-187105.33931,10.0,29.89937,83.37706
2023-10-01 10:30:00,693489.79343,-187570.76366,10.0,29.86513,83.37526
2023-10-01 11:00:00,693580.61135,-188012.91647,10.0,29.83299,83.37339
2023-10-01 11:30:00,693700.41854,-188426.25911,10.0,29.80369,83.37133
2023-10-01 12:00:00,693852.68685,-188827.21267,10.0,29.77604,83.36901
2023-10-01 12:30:00,694038.42269,-189216.3315,10.0,29.75002,83.36642
2023-10-01 13:00:00,694257.43974,-189598.52907,10.0,29.72525,83.36355
2023-10-01 13:30:00,694518.0062,-189976.60785,10.0,29.70169,83.36032
2023-10-01 14:00:00,694819.29109,-190366.01164,10.0,29.67814,83.3567
2023-10-01 14:30:00,695147.59004,-190763.29454,10.0,29.65458,83.35282
2023-10-01 15:00:00,695512.72633,-191190.12439,10.0,29.62956,83.34854
2023-10-01 15:30:00,695901.61085,-191644.82189,15.0,29.60294,83.34398
2023-10-01 16:00:00,696298.26214,-192115.74082,10.0,29.57528,83.33931
2023-10-01 16:30:00,696696.8852,-192611.53515,10.0,29.5458,83.33456
2023-10-01 17:00:00,697097.09662,-193141.59597,10.0,29.51378,83.32971
2023-10-01 17:30:00,697488.11635,-193683.61494,10.0,29.4807,83.32491
2023-10-01 18:00:00,697881.1762,-194261.99925,10.0,29.44494,83.32
2023-10-01 18:30:00,698263.7893,-194876.78033,10.0,29.40624,83.31509
2023-10-01 19:00:00,698630.8775,-195521.62568,10.0,29.36498,83.31024
2023-10-01 19:30:00,698959.04368,-196187.13129,10.0,29.32138,83.30568
2023-10-01 20:00:00,699267.96297,-196843.2609,10.0,29.27814,83.30131
2023-10-01 20:30:00,699548.32667,-197491.01948,10.0,29.23498,83.29721
2023-10-01 21:00:00,699798.89292,-198126.81797,10.0,29.19214,83.2934
2023-10-01 21:30:00,700041.95914,-198727.85989,10.0,29.15182,83.28974
2023-10-01 22:00:00,700290.65154,-199311.79529,10.0,29.11296,83.28607
2023-10-01 22:30:00,700508.0901,-199853.52841,10.0,29.07666,83.28278
2023-10-01 23:00:00,700733.23807,-200367.24365,10.0,29.04268,83.27949
2023-10-01 23:30:00,700972.6504,-200846.03632,10.0,29.01168,83.27616
2023-10-02 00:00:00,701229.70932,-201290.16336,10.0,28.98371,83.27276
2023-10-02 00:30:00,701512.3687,-201695.76447,10.0,28.95923,83.26923
2023-10-02 01:00:00,701818.09582,-202079.69801,10.0,28.93691,83.26555
2023-10-02 01:30:00,702142.85752,-202440.37564,10.0,28.91678,83.26176
2023-10-02 02:00:00,702487.78917,-202781.80804,10.0,28.89856,83.25784
2023-10-02 02:30:00,702850.15617,-203113.54199,10.0,28.88147,83.25379
2023-10-02 03:00:00,703222.22652,-203450.61772,10.0,28.86421,83.24964
2023-10-02 03:30:00,703596.41631,-203807.49098,10.0,28.84553,83.24542
2023-10-02 04:00:00,703991.15991,-204175.1656,10.0,28.82651,83.24099
2023-10-02 04:30:00,704392.99939,-204557.098,10.0,28.8066,83.23646
2023-10-02 05:00:00,704800.20299,-204963.09309,10.0,28.78503,83.23182
2023-10-02 05:30:00,705203.95698,-205396.11799,10.0,28.76139,83.22714
2023-10-02 06:00:00,705593.88016,-205843.49279,10.5,28.73641,83.22254
2023-10-02 06:30:00,705979.11781,-206336.67958,10.0,28.70793,83.21787
2023-10-02 07:00:00,706336.45589,-206853.31751,10.0,28.67713,83.21338
2023-10-02 07:30:00,706671.51577,-207379.50427,10.0,28.64517,83.20906
2023-10-02 08:00:00,706988.31092,-207897.64865,10.0,28.61345,83.20492
2023-10-02 08:30:00,707288.83153,-208431.77593,10.0,28.58022,83.20088
2023-10-02 09:00:00,707570.21711,-208949.23676,10.0,28.54785,83.19705
2023-10-02 09:30:00,707846.25314,-209464.79907,10.0,28.51554,83.19327
2023-10-02 10:00:00,708114.53412,-209971.28459,10.0,28.48377,83.18958
2023-10-02 10:30:00,708377.98044,-210458.90271,10.0,28.45333,83.18598
2023-10-02 11:00:00,708644.60009,-210919.89425,10.0,28.42497,83.18242
2023-10-02 11:30:00,708927.27831,-211341.6131,10.0,28.39991,83.17882
2023-10-02 12:00:00,709208.61918,-211748.32544,10.0,28.37596,83.17527
2023-10-02 12:30:00,709533.631,-212107.18556,10.0,28.35655,83.17146
2023-10-02 13:00:00,709889.17264,-212439.56731,10.0,28.3398,83.16745
2023-10-02 13:30:00,710271.86097,-212737.92967,10.0,28.32619,83.16329
2023-10-02 14:00:00,710668.07774,-213015.02626,10.5,28.31447,83.15907
2023-10-02 14:30:00,711099.35441,-213289.84201,10.0,28.30371,83.15454
2023-10-02 15:00:00,711554.44978,-213565.91138,10.0,28.2934,83.1498
2023-10-02 15:30:00,712038.58359,-213851.03114,10.0,28.28308,83.14478
2023-10-02 16:00:00,712545.86249,-214153.4817,10.0,28.27201,83.13951
2023-10-02 16:30:00,713068.45974,-214472.84889,10.0,28.26005,83.13406
2023-10-02 17:00:00,713598.76215,-214811.7726,10.0,28.24684,83.12849
2023-10-02 17:30:00,714127.36709,-215171.27731,10.0,28.2321,83.12288
2023-10-02 18:00:00,714637.41736,-215554.49765,10.0,28.21523,83.11737
2023-10-02 18:30:00,715125.60004,-215961.03766,10.0,28.19619,83.11199
2023-10-02 19:00:00,715580.52333,-216390.91506,10.0,28.17473,83.10684
2023-10-02 19:30:00,715993.34523,-216831.94696,10.0,28.15155,83.10203
2023-10-02 20:00:00,716368.95776,-217282.88882,10.0,28.12685,83.09752
2023-10-02 20:30:00,716694.08662,-217720.02953,10.0,28.10207,83.09349
2023-10-02 21:00:00,716982.51883,-218165.26886,10.0,28.07591,83.08976
2023-10-02 21:30:00,717204.61192,-218577.81693,10.0,28.05069,83.0867
2023-10-02 22:00:00,717355.61133,-218943.51313,10.0,28.02733,83.08439
2023-10-02 22:30:00,717371.32981,-219271.63367,10.0,28.00371,83.08337
2023-10-02 23:00:00,717304.69146,-219563.82259,10.0,27.98088,83.08317
2023-10-02 23:30:00,717214.2289,-219814.62936,10.0,27.96054,83.08329
2023-10-03 00:00:00,717134.65295,-220014.80998,10.0,27.94414,83.08345
2023-10-03 00:30:00,717081.4752,-220162.14229,10.0,27.93219,83.08352
2023-10-03 01:00:00,717047.95983,-220271.27432,10.0,27.92347,83.08352
2023-10-03 01:30:00,717044.74293,-220329.86411,10.0,27.91912,83.08339
2023-10-03 02:00:00,717078.80544,-220352.24717,10.0,27.91825,83.08303
2023-10-03 02:30:00,717154.5422,-220357.43836,10.0,27.91957,83.08235
2023-10-03 03:00:00,717282.07759,-220353.19464,10.0,27.92274,83.08124
2023-10-03 03:30:00,717456.83475,-220343.29723,10.0,27.92738,83.07973
2023-10-03 04:00:00,717675.127,-220350.85049,10.0,27.93172,83.07779
2023-10-03 04:30:00,717922.1421,-220387.06749,10.0,27.93461,83.07552
2023-10-03 05:00:00,718190.68317,-220467.99521,10.0,27.93472,83.07294
2023-10-03 05:30:00,718475.50281,-220607.02196,10.0,27.93096,83.07006
2023-10-03 06:00:00,718776.22839,-220794.22159,10.0,27.92405,83.06691
2023-10-03 06:30:00,719096.40395,-221032.81411,10.0,27.91384,83.06345
2023-10-03 07:00:00,719416.28706,-221346.22645,10.0,27.89819,83.05979
2023-10-03 07:30:00,719725.95284,-221766.47343,10.0,27.87456,83.05593
2023-10-03 08:00:00,719987.80609,-222289.59249,10.0,27.84241,83.05221
2023-10-03 08:30:00,720158.74759,-222874.03303,10.0,27.8038,83.04912
2023-10-03 09:00:00,720265.48847,-223521.16774,10.0,27.75923,83.04642
2023-10-03 09:30:00,720302.73383,-224192.52188,10.0,27.71137,83.04426
2023-10-03 10:00:00,720277.47568,-224865.33265,10.0,27.66202,83.04264
2023-10-03 10:30:00,720222.88488,-225524.44567,10.0,27.61302,83.04131
2023-10-03 11:00:00,720153.35165,-226145.8465,10.0,27.56643,83.04021
2023-10-03 11:30:00,720071.64045,-226746.3492,10.0,27.52109,83.03927
2023-10-03 12:00:00,719992.30668,-227269.14395,10.0,27.48144,83.03852
2023-10-03 12:30:00,719929.65106,-227741.62849,10.0,27.44582,83.03776
2023-10-03 13:00:00,719883.0928,-228155.16817,10.0,27.41484,83.03702
2023-10-03 13:30:00,719875.56562,-228531.2639,10.0,27.38747,83.03604
2023-10-03 14:00:00,719920.0835,-228868.67542,10.0,27.3641,83.03471
2023-10-03 14:30:00,720011.18737,-229181.18261,10.0,27.34361,83.03304
2023-10-03 15:00:00,720150.83629,-229487.83675,10.0,27.32467,83.03096
2023-10-03 15:30:00,720342.80478,-229780.44985,10.0,27.30796,83.02846
2023-10-03 16:00:00,720592.31475,-230085.64355,10.0,27.29168,83.02542
2023-10-03 16:30:00,720885.53439,-230428.85628,10.0,27.27368,83.02189
2023-10-03 17:00:00,721220.60937,-230826.5135,10.0,27.25274,83.01784
2023-10-03 17:30:00,721562.11135,-231275.03439,10.0,27.22831,83.01359
2023-10-03 18:00:00,721916.35725,-231811.45085,10.0,27.19788,83.00898
2023-10-03 18:30:00,722260.89555,-232402.19843,10.0,27.16336,83.0043
2023-10-03 19:00:00,722596.2965,-233031.02108,10.0,27.12594,82.99959
2023-10-03 19:30:00,722909.50709,-233702.70632,10.0,27.08498,82.99495
2023-10-03 20:00:00,723204.92348,-234420.99184,10.0,27.04032,82.99033
2023-10-03 20:30:00,723448.66868,-235142.01465,10.0,26.99432,82.98615
2023-10-03 21:00:00,723653.24931,-235865.85107,10.0,26.94726,82.9823
2023-10-03 21:30:00,723823.69554,-236597.99152,10.0,26.89886,82.97872
2023-10-03 22:00:00,723969.08836,-237314.07579,10.0,26.85107,82.9754
2023-10-03 22:30:00,724072.38765,-237996.37311,10.0,26.80475,82.97254
2023-10-03 23:00:00,724151.65961,-238663.15431,10.0,26.75901,82.96993
2023-10-03 23:30:00,724186.69794,-239299.39259,10.0,26.71444,82.96779
2023-10-04 00:00:00,724234.82092,-239898.12491,10.0,26.67288,82.96564
2023-10-04 00:30:00,724311.17241,-240458.86855,10.0,26.63472,82.96335
2023-10-04 01:00:00,724397.19386,-240989.4772,10.0,26.59896,82.96106
2023-10-04 01:30:00,724500.42927,-241477.82048,10.0,26.56664,82.95874
2023-10-04 02:00:00,724630.10623,-241941.1344,10.0,26.53675,82.95626
2023-10-04 02:30:00,724784.50375,-242367.58421,10.0,26.51009,82.95367
2023-10-04 03:00:00,724974.32257,-242776.76251,10.0,26.48552,82.95082
2023-10-04 03:30:00,725197.20123,-243182.66425,10.0,26.46199,82.94769
2023-10-04 04:00:00,725437.88966,-243603.4355,10.0,26.43785,82.94436
2023-10-04 04:30:00,725687.72161,-244030.70489,10.0,26.41349,82.94093
2023-10-04 05:00:00,725965.36247,-244470.35394,10.0,26.38894,82.93722
2023-10-04 05:30:00,726249.55357,-244954.78718,15.0,26.3614,82.93332
2023-10-04 06:00:00,726538.73467,-245454.47529,10.0,26.33293,82.92933
2023-10-04 06:30:00,726822.27287,-245997.38621,10.0,26.3013,82.92526
2023-10-04 07:00:00,727091.09817,-246589.73375,10.0,26.26586,82.92117
2023-10-04 07:30:00,727340.30729,-247218.62024,10.0,26.22741,82.91714
2023-10-04 08:00:00,727565.66824,-247872.48669,10.5,26.18667,82.91324
2023-10-04 08:30:00,727777.16525,-248576.09792,10.0,26.14213,82.90931
2023-10-04 09:00:00,727946.87277,-249272.65978,10.0,26.09713,82.90576
2023-10-04 09:30:00,728085.4095,-249954.75821,10.0,26.05244,82.90252
2023-10-04 10:00:00,728187.16766,-250618.66754,10.0,26.00818,82.89965
2023-10-04 10:30:00,728273.2991,-251266.45866,10.0,25.96471,82.89696
2023-10-04 11:00:00,728336.83267,-251905.05368,10.0,25.92137,82.89449
2023-10-04 11:30:00,728409.50319,-252502.6723,10.5,25.88116,82.89206
2023-10-04 12:00:00,728478.13766,-253077.62307,10.0,25.84247,82.88973
2023-10-04 12:30:00,728564.95528,-253612.50427,10.0,25.80706,82.88736
2023-10-04 13:00:00,728668.87877,-254104.04875,10.0,25.77513,82.88497
2023-10-04 13:30:00,728803.99771,-254548.42544,10.0,25.74729,82.88245
2023-10-04 14:00:00,728965.49794,-254955.06315,10.5,25.72276,82.87981
2023-10-04 14:30:00,729168.14325,-255351.62368,10.0,25.69996,82.87685
2023-10-04 15:00:00,729400.83824,-255719.98153,10.0,25.67989,82.87371
2023-10-04 15:30:00,729667.94542,-256085.22285,10.0,25.6609,82.87028
2023-10-04 16:00:00,729961.61212,-256456.6224,10.0,25.64215,82.8666
2023-10-04 16:30:00,730272.50787,-256834.5022,10.0,25.62339,82.86275
2023-10-04 17:00:00,730600.79221,-257224.95731,10.0,25.6042,82.85871
2023-10-04 17:30:00,730942.16033,-257646.72554,10.0,25.58317,82.85446
2023-10-04 18:00:00,731274.39564,-258067.92701,10.0,25.56198,82.85029
2023-10-04 18:30:00,731596.05671,-258515.47938,10.0,25.53872,82.84613
2023-10-04 19:00:00,731897.1611,-258984.89473,10.0,25.51346,82.84208
2023-10-04 19:30:00,732177.14262,-259464.64133,10.0,25.48699,82.83818
2023-10-04 20:00:00,732423.78242,-259931.98597,10.5,25.46059,82.83461
2023-10-04 20:30:00,732651.10223,-260404.89735,10.0,25.43335,82.83118
2023-10-04 21:00:00,732849.21525,-260844.03224,10.0,25.40776,82.82811
2023-10-04 21:30:00,733041.81463,-261259.31283,10.0,25.38371,82.82516
2023-10-04 22:00:00,733218.58044,-261650.61817,10.0,25.36095,82.82242
2023-10-04 22:30:00,733378.67907,-262020.3425,10.0,25.33929,82.81989
2023-10-04 23:00:00,733534.36066,-262360.11552,10.0,25.31961,82.81749
2023-10-04 23:30:00,733678.11668,-262674.86142,10.0,25.30138,82.81527
2023-10-05 00:00:00,733832.57905,-262959.49938,10.0,25.28551,82.81305
2023-10-05 00:30:00,733991.31265,-263222.38895,10.0,25.27126,82.81086
2023-10-05 01:00:00,734174.4079,-263475.19969,10.0,25.25832,82.80849
2023-10-05 01:30:00,734378.30125,-263718.23895,10.0,25.24658,82.80597
2023-10-05 02:00:00,734605.56671,-263958.75143,10.5,25.2356,82.80326
2023-10-05 02:30:00,734869.16708,-264210.79428,10.0,25.22474,82.80019
2023-10-05 03:00:00,735158.61323,-264463.09756,10.0,25.21451,82.7969
2023-10-05 03:30:00,735475.47996,-264725.8413,10.0,25.20425,82.79334
2023-10-05 04:00:00,735822.18904,-265005.13806,10.0,25.1936,82.78947
2023-10-05 04:30:00,736194.46012,-265306.44296,10.0,25.18208,82.78531
2023-10-05 05:00:00,736586.79381,-265635.36936,10.0,25.16917,82.78089
2023-10-05 05:30:00,736994.61172,-266007.76868,10.0,25.15367,82.7762
2023-10-05 06:00:00,737382.75789,-266408.85575,10.0,25.13573,82.77159
2023-10-05 06:30:00,737748.19884,-266853.31836,10.0,25.11427,82.76704
2023-10-05 07:00:00,738084.68582,-267329.51057,10.0,25.08994,82.76264
2023-10-05 07:30:00,738381.20175,-267826.19912,10.0,25.06324,82.75852
2023-10-05 08:00:00,738667.37243,-268341.31832,10.0,25.03505,82.75443
2023-10-05 08:30:00,738916.54796,-268849.43077,10.0,25.00645,82.75068
2023-10-05 09:00:00,739145.21171,-269359.27016,10.0,24.97725,82.7471
2023-10-05 09:30:00,739351.40495,-269860.30678,10.0,24.94812,82.74374
2023-10-05 10:00:00,739531.84736,-270333.01091,10.0,24.92031,82.74069
2023-10-05 10:30:00,739704.0899,-270783.29143,10.0,24.89385,82.73778
2023-10-05 11:00:00,739868.80703,-271206.22231,10.0,24.86909,82.73502
2023-10-05 11:30:00,740031.09699,-271597.46818,10.0,24.84645,82.73238
2023-10-05 12:00:00,740201.66741,-271968.97734,10.0,24.82538,82.72973
2023-10-05 12:30:00,740370.75207,-272300.11649,10.0,24.80704,82.72722
2023-10-05 13:00:00,740557.09615,-272609.32298,10.0,24.79064,82.72463
2023-10-05 13:30:00,740756.18343,-272905.77616,10.0,24.77544,82.72197
2023-10-05 14:00:00,740967.99217,-273199.00379,10.0,24.76079,82.71921
2023-10-05 14:30:00,741193.87601,-273504.20266,10.0,24.74569,82.71629
2023-10-05 15:00:00,741424.59583,-273827.54173,10.0,24.72949,82.71327
2023-10-05 15:30:00,741631.29717,-274162.35681,10.0,24.71192,82.71042
2023-10-05 16:00:00,741833.89434,-274520.58612,10.0,24.69267,82.70753
2023-10-05 16:30:00,742028.28651,-274891.31846,10.0,24.67238,82.70467
2023-10-05 17:00:00,742206.70844,-275264.17294,10.0,24.65156,82.70194
2023-10-05 17:30:00,742380.26398,-275640.46347,10.0,24.6304,82.69924
2023-10-05 18:00:00,742540.90628,-276004.36768,10.0,24.60977,82.69669
2023-10-05 18:30:00,742672.17159,-276384.55892,10.0,24.58731,82.69434
2023-10-05 19:00:00,742794.70323,-276787.84249,10.0,24.56308,82.69199
2023-10-05 19:30:00,742879.17052,-277165.19038,10.0,24.53966,82.69005
2023-10-05 20:00:00,742928.76614,-277526.74053,10.0,24.51644,82.68846
2023-10-05 20:30:00,742949.62144,-277874.73476,10.0,24.49342,82.68716
2023-10-05 21:00:00,742947.53474,-278184.3934,10.0,24.47242,82.68618
2023-10-05 21:30:00,742963.51703,-278485.8238,10.0,24.45244,82.68507
2023-10-05 22:00:00,742992.03228,-278793.8221,10.0,24.43234,82.68383
2023-10-05 22:30:00,743023.12633,-279079.21364,10.0,24.41384,82.68264
2023-10-05 23:00:00,743051.60803,-279355.86738,10.0,24.39587,82.6815
2023-10-05 23:30:00,743072.31402,-279615.90894,10.0,24.37883,82.68048
2023-10-06 00:00:00,743096.68347,-279850.59635,10.0,24.3636,82.67951
2023-10-06 00:30:00,743126.5222,-280064.44601,10.0,24.34992,82.67856
2023-10-06 01:00:00,743171.29014,-280263.23705,10.0,24.33764,82.67753
2023-10-06 01:30:00,743233.50033,-280468.0687,10.0,24.3254,82.67633
2023-10-06 02:00:00,743314.46398,-280690.86231,10.0,24.31243,82.67491
2023-10-06 02:30:00,743408.68834,-280918.44506,10.0,24.29948,82.67336
2023-10-06 03:00:00,743520.03899,-281165.19298,10.0,24.28568,82.6716
2023-10-06 03:30:00,743638.96635,-281425.58992,10.0,24.27116,82.66973
2023-10-06 04:00:00,743760.78385,-281702.77701,10.0,24.25559,82.66778
2023-10-06 04:30:00,743880.04383,-282004.95496,10.0,24.23828,82.66577
2023-10-06 05:00:00,743984.50178,-282321.41437,10.0,24.21964,82.66384
2023-10-06 05:30:00,744067.98062,-282659.17736,10.0,24.19904,82.66202
2023-10-06 06:00:00,744123.36317,-283018.51814,10.0,24.17628,82.66037
2023-10-06 06:30:00,744145.56184,-283400.4716,10.0,24.15116,82.65893
2023-10-06 07:00:00,744125.19337,-283789.84393,10.0,24.12446,82.65783
2023-10-06 07:30:00,744061.87425,-284178.40826,10.0,24.09672,82.6571
2023-10-06 08:00:00,743983.11652,-284561.14999,10.0,24.06898,82.65652
2023-10-06 08:30:00,743871.48746,-284913.64983,10.0,24.04243,82.65632
2023-10-06 09:00:00,743750.04546,-285254.81352,10.0,24.01639,82.65624
2023-10-06 09:30:00,743621.6471,-285577.2298,10.0,23.99143,82.65628
2023-10-06 10:00:00,743496.86521,-285874.66844,10.0,23.96824,82.65637
2023-10-06 10:30:00,743394.20186,-286135.47501,10.0,23.94808,82.65639
2023-10-06 11:00:00,743308.12152,-286359.01574,10.0,23.93085,82.65639
2023-10-06 11:30:00,743239.46435,-286534.14359,10.0,23.91732,82.6564
2023-10-06 12:00:00,743177.15916,-286668.50818,10.0,23.90669,82.65649
2023-10-06 12:30:00,743129.38598,-286774.20338,10.0,23.89836,82.65655
2023-10-06 13:00:00,743112.78337,-286877.62382,10.0,23.89099,82.65635
2023-10-06 13:30:00,743124.30901,-286977.60516,10.0,23.88458,82.65592
2023-10-06 14:00:00,743167.27772,-287089.00085,10.5,23.87822,82.65518
2023-10-06 14:30:00,743247.74863,-287228.47155,10.0,23.87095,82.65403
2023-10-06 15:00:00,743356.01584,-287382.75066,10.0,23.86341,82.65259
2023-10-06 15:30:00,743478.27949,-287564.11711,10.0,23.85442,82.65094
2023-10-06 16:00:00,743592.45405,-287808.51793,10.0,23.841,82.64915
2023-10-06 16:30:00,743693.20687,-288096.48146,10.0,23.82432,82.64733
2023-10-06 17:00:00,743766.40658,-288449.29792,10.0,23.80259,82.64553
2023-10-06 17:30:00,743804.36621,-288841.47599,10.0,23.77732,82.6439
2023-10-06 18:00:00,743792.1127,-289260.32679,9.5,23.74897,82.64261
2023-10-06 18:30:00,743694.48082,-289688.08135,10.0,23.71781,82.64202
2023-10-06 19:00:00,743559.11876,-290119.13418,10.0,23.68545,82.64174
2023-10-06 19:30:00,743406.95193,-290526.75533,10.0,23.65422,82.64168
2023-10-06 20:00:00,743251.87597,-290890.08631,10.5,23.62588,82.64179
2023-10-06 20:30:00,743086.83749,-291207.46044,10.0,23.60034,82.64214
2023-10-06 21:00:00,742911.1015,-291456.03698,10.0,23.57912,82.64281
2023-10-06 21:30:00,742730.27047,-291625.05095,10.0,23.56308,82.64379
2023-10-06 22:00:00,742539.62903,-291744.51559,10.0,23.55009,82.64502
2023-10-06 22:30:00,742354.27732,-291823.66079,10.0,23.53993,82.64634
2023-10-06 23:00:00,742200.06467,-291927.56313,10.0,23.52893,82.64731
2023-10-06 23:30:00,742072.37099,-292014.48648,10.0,23.51976,82.64811
2023-10-07 00:00:00,741969.572,-292068.05248,10.5,23.51347,82.64881
2023-10-07 00:30:00,741883.67826,-292104.88279,10.0,23.50875,82.64942
2023-10-07 01:00:00,741820.39862,-292132.00989,10.0,23.50527,82.64987
2023-10-07 01:30:00,741783.1457,-292161.30616,10.0,23.50233,82.65009
2023-10-07 02:00:00,741782.67649,-292204.04285,10.0,23.49946,82.64995
2023-10-07 02:30:00,741822.64601,-292274.67879,10.0,23.49579,82.64937
2023-10-07 03:00:00,741894.01734,-292378.34191,10.0,23.49074,82.64841
2023-10-07 03:30:00,741990.81982,-292509.40643,9.5,23.48453,82.64714
2023-10-07 04:00:00,742094.68876,-292672.92319,10.0,23.47634,82.6457
2023-10-07 04:30:00,742201.08908,-292856.64913,10.0,23.46687,82.64417
2023-10-07 05:00:00,742300.18045,-293073.63829,10.0,23.45499,82.64259
2023-10-07 05:30:00,742385.94132,-293315.39676,10.0,23.44111,82.64104
2023-10-07 06:00:00,742447.11943,-293556.25903,10.5,23.42665,82.6397
2023-10-07 06:30:00,742497.9328,-293807.09829,10.0,23.41125,82.63842
2023-10-07 07:00:00,742512.55109,-294053.41282,15.0,23.3952,82.63746
2023-10-07 07:30:00,742496.11518,-294301.99926,10.0,23.37819,82.63676
2023-10-07 08:00:00,742454.80158,-294541.90383,10.0,23.3611,82.6363
2023-10-07 08:30:00,742395.44312,-294762.22571,10.0,23.34484,82.63606
2023-10-07 09:00:00,742322.24049,-294958.31025,10.0,23.32983,82.63602
2023-10-07 09:30:00,742241.99699,-295123.24025,10.5,23.31671,82.63615
2023-10-07 10:00:00,742168.55346,-295250.66332,10.0,23.30627,82.63634
2023-10-07 10:30:00,742095.71802,-295345.45996,10.0,23.29802,82.63664
2023-10-07 11:00:00,742034.34816,-295414.35383,10.0,23.2918,82.63693
2023-10-07 11:30:00,741995.09318,-295442.38492,10.0,23.28889,82.63717
2023-10-07 12:00:00,741980.82325,-295440.00371,10.0,23.28867,82.6373
2023-10-07 12:30:00,741979.77221,-295430.88342,10.0,23.28925,82.63734
2023-10-07 13:00:00,741993.99147,-295418.69124,10.0,23.29044,82.63726
2023-10-07 13:30:00,742022.09896,-295412.77799,10.0,23.29158,82.63704
2023-10-07 14:00:00,742068.54766,-295443.12357,10.0,23.29079,82.63654
2023-10-07 14:30:00,742139.80194,-295490.55008,10.0,23.28952,82.63577
2023-10-07 15:00:00,742216.32802,-295565.89384,10.0,23.28653,82.63486
2023-10-07 15:30:00,742278.20684,-295669.1886,10.0,23.28129,82.63398
2023-10-07 16:00:00,742340.7069,-295803.2267,10.0,23.27402,82.63299
2023-10-07 16:30:00,742395.01178,-295946.04043,10.0,23.26595,82.63204
2023-10-07 17:00:00,742432.36269,-296096.09175,10.0,23.25695,82.63121
2023-10-07 17:30:00,742451.29926,-296245.2854,10.0,23.24752,82.63054
2023-10-07 18:00:00,742453.44942,-296386.60187,10.0,23.23817,82.63004
2023-10-07 18:30:00,742428.84011,-296495.1639,10.0,23.23029,82.62988
2023-10-07 19:00:00,742380.30562,-296560.96758,10.0,23.22462,82.63007
2023-10-07 19:30:00,742316.45508,-296585.94064,10.0,23.22126,82.63053
2023-10-07 20:00:00,742235.43118,-296580.60894,10.0,23.21946,82.63124
2023-10-07 20:30:00,742136.5603,-296540.80194,10.0,23.21948,82.63222
2023-10-07 21:00:00,742011.73223,-296460.43687,10.0,23.22151,82.63356
2023-10-07 21:30:00,741879.31799,-296334.56144,10.0,23.22637,82.63512
2023-10-07 22:00:00,741744.42661,-296167.951,10.0,23.23388,82.63684
2023-10-07 22:30:00,741618.25823,-295976.51458,10.0,23.24328,82.63857
2023-10-07 23:00:00,741508.90457,-295766.35047,10.0,23.25438,82.64022
2023-10-07 23:30:00,741417.67736,-295542.94208,10.0,23.26685,82.64176
2023-10-08 00:00:00,741358.80166,-295320.50595,10.0,23.28012,82.64302
2023-10-08 00:30:00,741320.62621,-295098.88413,10.0,23.29389,82.6441
2023-10-08 01:00:00,741319.63688,-294898.40953,10.0,23.30724,82.64479
2023-10-08 01:30:00,741349.27076,-294717.93785,10.0,23.32007,82.64515
2023-10-08 02:00:00,741397.80575,-294563.42235,10.0,23.33167,82.64526
2023-10-08 02:30:00,741463.78459,-294435.61413,10.0,23.34195,82.64513
2023-10-08 03:00:00,741542.52665,-294331.59259,10.0,23.35098,82.64481
2023-10-08 03:30:00,741628.09853,-294254.53871,10.0,23.35839,82.64434
2023-10-08 04:00:00,741715.50575,-294202.31945,10.0,23.36419,82.64377
2023-10-08 04:30:00,741802.40434,-294169.06296,10.0,23.36871,82.64314
2023-10-08 05:00:00,741887.23716,-294152.80657,10.0,23.37204,82.64247
2023-10-08 05:30:00,741961.68046,-294156.84783,10.0,23.37374,82.64182
2023-10-08 06:00:00,742014.33888,-294172.89149,10.5,23.37406,82.64132
2023-10-08 06:30:00,742050.50279,-294210.19647,10.0,23.37253,82.64088
2023-10-08 07:00:00,742061.17429,-294251.14717,10.0,23.37008,82.64065
2023-10-08 07:30:00,742045.73371,-294295.98335,10.0,23.36668,82.64063
2023-10-08 08:00:00,742011.4605,-294338.14574,10.0,23.36296,82.64078
2023-10-08 08:30:00,741961.30047,-294367.25811,10.0,23.35969,82.64111
2023-10-08 09:00:00,741897.0705,-294375.79573,10.0,23.35742,82.64163
2023-10-08 09:30:00,741833.14661,-294365.86707,10.0,23.35639,82.64221
2023-10-08 10:00:00,741767.74503,-294330.1751,10.0,23.35704,82.64289
2023-10-08 10:30:00,741699.7326,-294271.57383,10.0,23.35915,82.64367
2023-10-08 11:00:00,741635.34004,-294189.09758,10.0,23.36295,82.6445
2023-10-08 11:30:00,741588.76002,-294079.39727,10.0,23.36904,82.64527
2023-10-08 12:00:00,741555.58318,-293951.39286,10.5,23.37671,82.64599
2023-10-08 12:30:00,741531.65211,-293801.4167,10.0,23.38609,82.6467
2023-10-08 13:00:00,741527.22995,-293644.24812,10.0,23.39647,82.64727
2023-10-08 13:30:00,741543.53872,-293487.82392,10.0,23.40735,82.64766
2023-10-08 14:00:00,741580.29721,-293338.75771,10.0,23.41828,82.64785
2023-10-08 14:30:00,741636.78111,-293201.83864,10.0,23.42892,82.64783
2023-10-08 15:00:00,741706.6099,-293078.42317,10.0,23.43901,82.64765
2023-10-08 15:30:00,741779.44844,-292971.00521,10.0,23.44811,82.64739
2023-10-08 16:00:00,741858.66408,-292888.84328,10.0,23.45569,82.64699
2023-10-08 16:30:00,741935.55028,-292818.47088,10.0,23.46242,82.64657
2023-10-08 17:00:00,742009.42565,-292767.55281,10.0,23.46777,82.64611
2023-10-08 17:30:00,742068.1848,-292737.15344,10.0,23.47135,82.64571
2023-10-08 18:00:00,742102.73484,-292720.69824,10.0,23.47336,82.64547
2023-10-08 18:30:00,742111.60405,-292704.14038,10.0,23.4747,82.64545
2023-10-08 19:00:00,742089.52946,-292686.00466,10.0,23.47533,82.6457
2023-10-08 19:30:00,742039.68816,-292655.27232,10.0,23.47607,82.64623
2023-10-08 20:00:00,741970.65242,-292607.99336,10.0,23.47741,82.64698
2023-10-08 20:30:00,741887.95727,-292539.02372,10.0,23.47984,82.64792
2023-10-08 21:00:00,741765.22269,-292444.10526,10.0,23.48295,82.64929
2023-10-08 21:30:00,741655.36292,-292325.4152,10.0,23.48799,82.65063
2023-10-08 22:00:00,741547.04803,-292173.12171,10.0,23.49532,82.65207
2023-10-08 22:30:00,741442.97359,-291995.18689,10.0,23.50448,82.65356
2023-10-08 23:00:00,741347.92695,-291794.2617,10.0,23.51542,82.65505
2023-10-08 23:30:00,741262.53382,-291577.62992,10.0,23.52767,82.65651
2023-10-09 00:00:00,741193.46329,-291346.13027,10.0,23.54135,82.65788
2023-10-09 00:30:00,741146.41466,-291106.03712,10.0,23.55619,82.65909
2023-10-09 01:00:00,741127.65557,-290859.20721,10.0,23.57223,82.66008
2023-10-09 01:30:00,741135.44747,-290618.97322,10.0,23.58853,82.66082
2023-10-09 02:00:00,741160.67896,-290390.69449,10.0,23.60449,82.66137
2023-10-09 02:30:00,741202.60028,-290182.26337,10.0,23.61956,82.66171
2023-10-09 03:00:00,741249.47898,-289987.87537,10.0,23.63382,82.66196
2023-10-09 03:30:00,741303.30617,-289820.38156,10.0,23.64646,82.66206
2023-10-09 04:00:00,741361.77247,-289682.74483,10.0,23.65722,82.66202
2023-10-09 04:30:00,741411.47919,-289579.41751,10.0,23.66545,82.66194
2023-10-09 05:00:00,741435.01656,-289504.19747,9.5,23.67111,82.66199
2023-10-09 05:30:00,741439.17626,-289454.66955,10.0,23.67454,82.66212
2023-10-09 06:00:00,741436.21326,-289426.37195,10.0,23.67636,82.66224
2023-10-09 06:30:00,741416.35262,-289414.44381,10.0,23.67664,82.66245
2023-10-09 07:00:00,741368.90302,-289410.38544,10.0,23.67567,82.66287
2023-10-09 07:30:00,741290.46385,-289404.9624,10.0,23.67398,82.66356
2023-10-09 08:00:00,741193.52482,-289396.03491,10.5,23.67204,82.66442
2023-10-09 08:30:00,741066.78645,-289376.81335,10.0,23.67001,82.66557
2023-10-09 09:00:00,740922.14735,-289343.58313,10.0,23.66845,82.66692
2023-10-09 09:30:00,740766.91343,-289295.62698,10.0,23.6676,82.66841
2023-10-09 10:00:00,740606.34002,-289225.46869,10.0,23.6681,82.67002
2023-10-09 10:30:00,740444.92463,-289130.55896,10.0,23.67024,82.67172
2023-10-09 11:00:00,740296.93416,-289010.23213,10.0,23.67444,82.67339
2023-10-09 11:30:00,740170.73186,-288878.937,10.0,23.67995,82.67491
2023-10-09 12:00:00,740080.06495,-288728.3519,10.0,23.68769,82.67619
2023-10-09 12:30:00,740035.10817,-288565.27754,10.0,23.69747,82.67712
2023-10-09 13:00:00,740043.28993,-288388.58245,10.0,23.70956,82.67764
2023-10-09 13:30:00,740080.27875,-288209.74357,10.0,23.72255,82.67792
2023-10-09 14:00:00,740138.84353,-288032.3253,10.0,23.73601,82.67801
2023-10-09 14:30:00,740227.38878,-287873.71023,10.0,23.74899,82.67778
2023-10-09 15:00:00,740336.90062,-287745.09486,10.0,23.7605,82.67727
2023-10-09 15:30:00,740453.97584,-287644.97581,10.0,23.77029,82.6766
2023-10-09 16:00:00,740565.55788,-287570.95792,10.0,23.77818,82.67589
2023-10-09 16:30:00,740664.87944,-287525.47805,10.0,23.78383,82.67519
2023-10-09 17:00:00,740749.65688,-287505.42835,10.0,23.78739,82.67453
2023-10-09 17:30:00,740811.35927,-287502.74661,10.0,23.78918,82.67401
2023-10-09 18:00:00,740840.73148,-287520.24555,10.0,23.78877,82.6737
2023-10-09 18:30:00,740835.97428,-287535.50862,10.0,23.78762,82.67369
2023-10-09 19:00:00,740819.72333,-287580.38095,10.0,23.78418,82.67368
2023-10-09 19:30:00,740746.95876,-287575.49099,10.0,23.78261,82.67432
2023-10-09 20:00:00,740661.126,-287568.20076,10.0,23.78086,82.67508
2023-10-09 20:30:00,740560.80019,-287541.14736,10.0,23.78006,82.67603
2023-10-09 21:00:00,740441.18159,-287482.6567,10.0,23.78087,82.67725
2023-10-09 21:30:00,740312.98375,-287389.16981,10.0,23.78381,82.67866
2023-10-09 22:00:00,740176.97507,-287252.68266,10.0,23.78944,82.68028
2023-10-09 22:30:00,740044.35772,-287095.40663,10.0,23.79656,82.68194
2023-10-09 23:00:00,739935.71154,-286903.35187,10.0,23.80665,82.68351
2023-10-09 23:30:00,739841.83536,-286685.15425,10.0,23.81889,82.68504
2023-10-10 00:00:00,739767.12642,-286444.46364,10.0,23.83315,82.68648
2023-10-10 00:30:00,739722.6382,-286179.77759,10.0,23.84982,82.68774
2023-10-10 01:00:00,739711.00234,-285914.37202,10.0,23.8674,82.68872
2023-10-10 01:30:00,739724.08278,-285642.11343,10.0,23.88609,82.68951
2023-10-10 02:00:00,739757.23895,-285374.98967,10.0,23.90496,82.69011
2023-10-10 02:30:00,739810.81329,-285118.15369,10.0,23.92367,82.6905
2023-10-10 03:00:00,739867.6156,-284879.93834,10.0,23.94121,82.6908
2023-10-10 03:30:00,739917.76219,-284655.78821,10.0,23.95763,82.69111
2023-10-10 04:00:00,739958.3039,-284462.50462,10.0,23.97172,82.6914
2023-10-10 04:30:00,739998.67226,-284305.92858,10.0,23.98333,82.69157
2023-10-10 05:00:00,740033.79106,-284181.13555,10.0,23.99266,82.69168
2023-10-10 05:30:00,740051.49258,-284075.82483,20.0,24.00022,82.69188
2023-10-10 06:00:00,740045.97826,-283976.41572,10.0,24.00679,82.69225
2023-10-10 06:30:00,740016.27366,-283895.96972,10.0,24.01145,82.69277
2023-10-10 07:00:00,739976.87685,-283831.66833,10.0,24.01477,82.69332
2023-10-10 07:30:00,739936.36105,-283785.4625,10.0,24.01684,82.69382
2023-10-10 08:00:00,739908.87037,-283753.88429,10.0,24.01826,82.69416
2023-10-10 08:30:00,739903.03465,-283745.50431,15.0,24.01867,82.69424
2023-10-10 09:00:00,739913.84802,-283750.01607,10.0,24.01865,82.69413
2023-10-10 09:30:00,739950.37773,-283761.06211,10.0,24.01885,82.69378
2023-10-10 10:00:00,739988.12106,-283771.98068,10.0,24.01909,82.69342
2023-10-10 10:30:00,740007.80967,-283766.19756,10.0,24.01999,82.69327
2023-10-10 11:00:00,740041.39015,-283733.29579,10.0,24.02308,82.69309
2023-10-10 11:30:00,740106.17417,-283697.98241,10.0,24.02714,82.69265
2023-10-10 12:00:00,740195.68596,-283660.68294,10.5,24.03197,82.692
2023-10-10 12:30:00,740320.53589,-283612.7031,10.0,24.03844,82.69109
2023-10-10 13:00:00,740464.93724,-283561.02557,10.0,24.04566,82.69002
2023-10-10 13:30:00,740630.74142,-283520.32568,10.0,24.05269,82.68873
2023-10-10 14:00:00,740822.35839,-283485.16797,10.0,24.06001,82.6872
2023-10-10 14:30:00,741024.7855,-283464.32959,10.0,24.06664,82.68553
2023-10-10 15:00:00,741233.4476,-283466.73912,10.0,24.07186,82.68373
2023-10-10 15:30:00,741442.3006,-283489.94863,10.5,24.07568,82.68186
2023-10-10 16:00:00,741662.47325,-283550.5412,10.0,24.07727,82.67977
2023-10-10 16:30:00,741880.15771,-283638.96009,10.0,24.07692,82.67761
2023-10-10 17:00:00,742097.031,-283762.9982,10.0,24.07415,82.67534
2023-10-10 17:30:00,742308.81572,-283915.55996,10.0,24.06933,82.67302
2023-10-10 18:00:00,742503.7731,-284095.62599,10.5,24.06223,82.67075
2023-10-10 18:30:00,742677.56022,-284293.90964,10.0,24.05336,82.66861
2023-10-10 19:00:00,742816.22292,-284482.26274,10.0,24.04426,82.6668
2023-10-10 19:30:00,742925.61459,-284661.84652,10.0,24.035,82.66527
2023-10-10 20:00:00,743014.50213,-284818.90273,10.0,24.02673,82.66399
2023-10-10 20:30:00,743101.80159,-284955.75552,10.0,24.01978,82.66279
2023-10-10 21:00:00,743173.87741,-285083.67763,10.0,24.01304,82.66175
2023-10-10 21:30:00,743233.53069,-285189.30057,10.0,24.00748,82.66089
2023-10-10 22:00:00,743294.21101,-285252.76936,10.0,24.00478,82.66016
2023-10-10 22:30:00,743352.09467,-285284.06299,10.0,24.00417,82.65956
2023-10-10 23:00:00,743394.16329,-285289.78818,10.0,24.00487,82.65918
2023-10-10 23:30:00,743443.82008,-285278.77439,10.0,24.00689,82.65879
2023-10-11 00:00:00,743484.40804,-285267.10627,10.0,24.00872,82.65848
2023-10-11 00:30:00,743537.80827,-285255.43851,10.0,24.01088,82.65806
2023-10-11 01:00:00,743608.75996,-285240.5248,10.0,24.01371,82.6575
2023-10-11 01:30:00,743685.69539,-285219.11509,10.0,24.01713,82.65691
2023-10-11 02:00:00,743781.36712,-285212.62458,10.0,24.02003,82.65611
2023-10-11 02:30:00,743898.88258,-285231.17885,10.0,24.02181,82.65504
2023-10-11 03:00:00,744029.16148,-285280.23765,10.0,24.02187,82.65376
2023-10-11 03:30:00,744156.83758,-285357.34849,10.0,24.01998,82.65241
2023-10-11 04:00:00,744287.67746,-285462.6538,10.0,24.01628,82.65094
2023-10-11 04:30:00,744416.03207,-285601.75578,10.0,24.01025,82.64938
2023-10-11 05:00:00,744540.71841,-285774.67314,10.0,24.00186,82.64774
2023-10-11 05:30:00,744658.06608,-285975.93479,15.0,23.99138,82.64607
2023-10-11 06:00:00,744759.43954,-286194.07896,10.0,23.97937,82.64448
2023-10-11 06:30:00,744851.10689,-286431.48652,10.0,23.96582,82.64291
2023-10-11 07:00:00,744929.17293,-286688.97316,10.0,23.95058,82.64139
2023-10-11 07:30:00,744993.59,-286960.55883,10.0,23.93405,82.63994
2023-10-11 08:00:00,745060.75638,-287233.8994,10.0,23.91748,82.63846
2023-10-11 08:30:00,745095.32996,-287500.88947,10.0,23.9005,82.63728
2023-10-11 09:00:00,745139.19281,-287755.70718,15.0,23.88458,82.63606
2023-10-11 09:30:00,745182.44171,-288002.89235,10.0,23.86916,82.63487
2023-10-11 10:00:00,745225.76372,-288231.63946,10.0,23.85498,82.63374
2023-10-11 10:30:00,745274.39033,-288440.51964,10.0,23.84227,82.63263
2023-10-11 11:00:00,745325.74892,-288627.17877,10.0,23.83112,82.63157
2023-10-11 11:30:00,745385.03939,-288799.3037,10.0,23.82115,82.63049
2023-10-11 12:00:00,745469.26432,-288967.21996,10.0,23.81211,82.62921
2023-10-11 12:30:00,745560.9882,-289124.76869,10.0,23.80396,82.6279
2023-10-11 13:00:00,745675.24203,-289290.35293,10.0,23.79586,82.62637
2023-10-11 13:30:00,745806.34691,-289463.57631,10.0,23.78769,82.62467
2023-10-11 14:00:00,745956.98989,-289649.5366,10.0,23.77918,82.62276
2023-10-11 14:30:00,746129.04192,-289852.42266,10.0,23.7701,82.62061
2023-10-11 15:00:00,746297.1543,-290074.3975,10.0,23.75965,82.61843
2023-10-11 15:30:00,746478.03638,-290335.47929,10.0,23.74693,82.61601
2023-10-11 16:00:00,746655.99245,-290627.96015,10.0,23.73205,82.61351
2023-10-11 16:30:00,746825.97285,-290946.76041,10.0,23.71522,82.61099
2023-10-11 17:00:00,746985.77219,-291285.49481,10.0,23.69681,82.60849
2023-10-11 17:30:00,747143.02488,-291639.50153,10.0,23.67733,82.60596
2023-10-11 18:00:00,747277.87662,-292014.72348,10.0,23.65587,82.60355
2023-10-11 18:30:00,747403.449,-292401.41689,10.0,23.63342,82.60118
2023-10-11 19:00:00,747506.48429,-292785.66973,10.0,23.61056,82.59901
2023-10-11 19:30:00,747589.37139,-293156.70121,10.5,23.58807,82.59706
2023-10-11 20:00:00,747669.01151,-293539.04284,10.0,23.56475,82.59509
2023-10-11 20:30:00,747737.17744,-293909.8766,10.0,23.54191,82.59326
2023-10-11 21:00:00,747795.12765,-294270.68101,10.0,23.51948,82.59155
2023-10-11 21:30:00,747843.66314,-294616.47349,10.0,23.49781,82.58997
2023-10-11 22:00:00,747884.60333,-294951.56688,10.0,23.47666,82.58849
2023-10-11 22:30:00,747926.52155,-295245.37984,10.0,23.45828,82.58714
2023-10-11 23:00:00,747971.63811,-295521.99403,10.0,23.44113,82.58582
2023-10-11 23:30:00,748012.60308,-295776.37649,10.0,23.42535,82.58461
2023-10-12 00:00:00,748058.39943,-296003.60484,10.0,23.4115,82.58345
2023-10-12 00:30:00,748104.48953,-296203.37485,10.0,23.39948,82.58238
2023-10-12 01:00:00,748155.61695,-296381.47485,10.0,23.38903,82.58134
2023-10-12 01:30:00,748208.07051,-296547.30123,10.0,23.37943,82.58033
2023-10-12 02:00:00,748260.74606,-296706.6055,10.0,23.37027,82.57934
2023-10-12 17:00:00,747501.04767,-305268.55216,10.0,22.78561,82.55643
2023-10-12 17:30:00,747492.35041,-305600.39435,10.0,22.76358,82.55535
2023-10-12 18:00:00,747475.72059,-305948.43142,10.0,22.74028,82.55428
2023-10-12 18:30:00,747448.49043,-306310.51042,10.0,22.71578,82.55325
2023-10-12 19:00:00,747422.14719,-306672.90456,10.5,22.69129,82.55221
2023-10-12 19:30:00,747371.31965,-307077.33321,10.0,22.66339,82.55123
2023-10-12 20:00:00,747323.1597,-307477.63384,10.0,22.63584,82.55024
2023-10-12 20:30:00,747268.56185,-307881.64918,10.0,22.60788,82.54929
2023-10-12 21:00:00,747210.11934,-308280.21959,10.0,22.58018,82.54839
2023-10-12 21:30:00,747149.90496,-308674.03867,10.0,22.55275,82.54752
2023-10-12 22:00:00,747082.32713,-309059.56496,10.0,22.52567,82.54674
2023-10-12 22:30:00,747019.1193,-309422.70109,10.0,22.50018,82.546
2023-10-12 23:00:00,746948.87913,-309773.98369,10.0,22.47528,82.54536
2023-10-12 23:30:00,746874.43734,-310106.62333,10.0,22.45149,82.54482
2023-10-13 00:00:00,746795.05578,-310416.77897,60.0,22.42904,82.5444
2023-10-13 00:30:00,746710.38157,-310708.67605,60.0,22.40764,82.54409
2023-10-13 01:00:00,746626.01953,-310982.69291,60.0,22.38742,82.54384
2023-10-13 01:30:00,746539.59402,-311244.36202,60.0,22.36796,82.54364
2023-10-13 02:00:00,746449.20886,-311498.95482,10.0,22.34885,82.54351
2023-10-13 02:30:00,746363.28955,-311749.92056,10.0,22.3301,82.54335
2023-10-13 03:00:00,746273.36515,-312010.24139,10.0,22.31063,82.54319
2023-10-13 03:30:00,746173.65586,-312273.97918,10.0,22.29067,82.5431
2023-10-13 04:00:00,746086.75953,-312568.80759,10.0,22.26903,82.54279
2023-10-13 04:30:00,746012.97052,-312871.4573,10.0,22.24724,82.54234
2023-10-13 05:00:00,745949.45852,-313199.9021,10.0,22.22405,82.54171
2023-10-13 05:30:00,745884.9998,-313533.06423,10.0,22.20053,82.54107
2023-10-13 06:00:00,745826.00318,-313875.32898,10.0,22.17657,82.54035
2023-10-13 06:30:00,745758.14943,-314221.44308,10.0,22.15212,82.53969
2023-10-13 07:00:00,745692.25028,-314568.14168,10.0,22.12769,82.53901
2023-10-13 07:30:00,745628.41573,-314913.57741,10.5,22.1034,82.53832
2023-10-13 08:00:00,745563.76077,-315277.71616,10.0,22.07788,82.53756
2023-10-13 08:30:00,745503.19363,-315635.78336,10.0,22.05287,82.53679
2023-10-13 09:00:00,745446.94938,-315991.61848,10.0,22.02813,82.53599
2023-10-13 09:30:00,745394.58971,-316346.26689,10.0,22.00358,82.53516
2023-10-13 10:00:00,745341.69323,-316699.4931,10.5,21.97911,82.53434
2023-10-13 10:30:00,745296.91445,-317048.98128,10.0,21.95512,82.53346
2023-10-13 11:00:00,745257.30362,-317378.11929,10.0,21.9326,82.53261
2023-10-13 11:30:00,745217.1487,-317694.34697,10.0,21.91091,82.53181
2023-10-13 12:00:00,745174.13339,-318000.35478,10.0,21.88981,82.53107
2023-10-13 12:30:00,745130.27132,-318305.29647,10.0,21.86876,82.53034
2023-10-13 13:00:00,745083.06307,-318609.48606,10.0,21.84767,82.52964
2023-10-13 13:30:00,745026.74582,-318902.23391,10.5,21.82707,82.52906
2023-10-13 14:00:00,744951.78693,-319200.86951,10.0,21.80558,82.52861
2023-10-13 14:30:00,744864.55723,-319492.67767,10.0,21.78419,82.52829
2023-10-13 15:00:00,744760.82612,-319781.2777,10.0,21.76255,82.52812
2023-10-13 15:30:00,744644.32124,-320066.25024,10.0,21.74079,82.52807
2023-10-13 16:00:00,744514.033,-320352.68869,10.0,21.71855,82.52813
2023-10-13 16:30:00,744386.00161,-320628.0799,10.0,21.69709,82.52821
2023-10-13 17:00:00,744253.78908,-320910.13382,10.0,21.67508,82.5283
2023-10-13 17:30:00,744119.73187,-321196.15955,10.0,21.65276,82.52839
2023-10-13 18:00:00,743987.66243,-321485.5015,10.0,21.63028,82.52845
2023-10-13 18:30:00,743860.63361,-321790.27295,10.0,21.60694,82.52841
2023-10-13 19:00:00,743733.63586,-322108.31894,10.0,21.58274,82.52832
2023-10-13 19:30:00,743612.14081,-322421.51329,10.0,21.55901,82.5282
2023-10-13 20:00:00,743493.79667,-322743.48959,10.0,21.5348,82.52802
2023-10-13 20:30:00,743375.72526,-323061.74632,10.0,21.51084,82.52785
2023-10-13 21:00:00,743265.43955,-323375.38484,10.0,21.4874,82.52763
2023-10-13 21:30:00,743156.62312,-323682.58641,10.0,21.46442,82.52742
2023-10-13 22:00:00,743044.8999,-323982.52127,10.0,21.44183,82.52726
2023-10-13 22:30:00,742939.9475,-324261.19041,10.0,21.42081,82.52712
2023-10-13 23:00:00,742834.81199,-324529.13853,10.0,21.40048,82.52702
2023-10-13 23:30:00,742734.47869,-324783.13541,10.0,21.38119,82.52693
2023-10-14 00:00:00,742634.89469,-325024.33985,10.0,21.36275,82.52688
2023-10-14 00:30:00,742539.62906,-325252.76567,10.0,21.34526,82.52684
2023-10-14 01:00:00,742449.37521,-325466.86169,10.0,21.32884,82.52681
2023-10-14 01:30:00,742358.53992,-325665.87249,10.0,21.31338,82.52684
2023-10-14 02:00:00,742261.95855,-325856.17811,10.0,21.29832,82.52695
2023-10-14 02:30:00,742166.15356,-326047.28155,10.0,21.28323,82.52705
2023-10-14 03:00:00,742068.16488,-326240.50967,10.0,21.26794,82.52716
2023-10-14 03:30:00,741973.70666,-326441.77583,10.0,21.25223,82.52721
2023-10-14 04:00:00,741881.66282,-326650.90349,10.0,21.23608,82.52721
2023-10-14 04:30:00,741790.96221,-326878.4027,10.0,21.21878,82.52713
2023-10-14 05:00:00,741706.42394,-327105.22354,10.0,21.2017,82.527
2023-10-14 05:30:00,741625.05402,-327335.46255,10.0,21.18449,82.52683
2023-10-14 06:00:00,741543.71667,-327584.28967,10.0,21.16608,82.52659
2023-10-14 06:30:00,741467.75889,-327844.95101,10.0,21.14706,82.52626
2023-10-14 07:00:00,741393.38273,-328117.944,10.0,21.12729,82.52587
2023-10-14 07:30:00,741302.75129,-328397.85248,10.0,21.10661,82.52559
2023-10-14 08:00:00,741250.75528,-328681.60357,9.5,21.08679,82.52497
2023-10-14 08:30:00,741186.37391,-328968.88973,10.0,21.06639,82.52444
2023-10-14 09:00:00,741128.95509,-329259.00432,10.0,21.04601,82.52384
2023-10-14 09:30:00,741078.7259,-329551.43741,10.0,21.02569,82.52317
2023-10-14 10:00:00,741035.12583,-329840.59037,10.5,21.00578,82.52246
2023-10-14 10:30:00,740996.3713,-330140.35453,10.0,20.98532,82.52166
2023-10-14 11:00:00,740966.87755,-330438.95575,10.0,20.96521,82.52079
2023-10-14 11:30:00,740938.60514,-330737.24444,10.0,20.94516,82.51991
2023-10-14 12:00:00,740913.33469,-331028.5709,10.0,20.92565,82.51903
2023-10-14 12:30:00,740899.72004,-331301.59544,10.0,20.90766,82.51812
2023-10-14 13:00:00,740894.08716,-331567.24041,10.0,20.89038,82.51717
2023-10-14 13:30:00,740889.40401,-331830.58457,10.0,20.87328,82.51622
2023-10-14 14:00:00,740865.81428,-332101.36092,10.0,20.85516,82.5154
2023-10-14 14:30:00,740831.91945,-332370.99299,10.0,20.83682,82.51467
2023-10-14 15:00:00,740782.46325,-332635.24688,10.0,20.81838,82.51409
2023-10-14 15:30:00,740731.44354,-332892.16072,10.0,20.80037,82.51355
2023-10-14 16:00:00,740679.9796,-333144.56335,10.0,20.78264,82.51303
2023-10-14 16:30:00,740627.1476,-333397.16585,10.0,20.76486,82.51252
2023-10-14 17:00:00,740571.96427,-333662.74096,10.0,20.74618,82.51198
2023-10-14 17:30:00,740514.41429,-333936.00037,10.0,20.72694,82.51143
2023-10-14 18:00:00,740453.34921,-334211.78767,10.5,20.70744,82.5109
2023-10-14 18:30:00,740393.81497,-334501.95089,10.0,20.68706,82.5103
2023-10-14 19:00:00,740331.74195,-334795.08924,10.0,20.66642,82.50971
2023-10-14 19:30:00,740260.67407,-335099.92986,10.0,20.64477,82.50915
2023-10-14 20:00:00,740200.37988,-335409.703,10.0,20.62312,82.50848
2023-10-14 20:30:00,740141.31049,-335713.86197,10.0,20.60187,82.50782
2023-10-14 21:00:00,740079.88876,-336022.93167,10.0,20.58024,82.50716
2023-10-14 21:30:00,740025.74825,-336331.47427,9.5,20.55886,82.50644
2023-10-14 22:00:00,739969.24787,-336644.93094,10.0,20.5371,82.50572
2023-10-14 22:30:00,739909.98944,-336958.91213,10.0,20.51523,82.50502
2023-10-14 23:00:00,739847.82844,-337265.86347,10.0,20.49373,82.50437
2023-10-14 23:30:00,739774.78577,-337564.94377,10.0,20.47242,82.50384
2023-10-15 00:00:00,739710.70386,-337844.13453,10.0,20.45265,82.50331
2023-10-15 00:30:00,739631.51193,-338103.82029,10.0,20.43369,82.50298
2023-10-15 01:00:00,739550.45766,-338356.90464,10.0,20.4151,82.50269
2023-10-15 01:30:00,739469.19028,-338591.95991,10.0,20.39766,82.50247
2023-10-15 02:00:00,739369.5759,-338819.8728,10.0,20.38014,82.50243
2023-10-15 02:30:00,739275.63863,-339043.05247,10.0,20.36309,82.50236
2023-10-15 03:00:00,739174.03424,-339251.47271,10.0,20.34676,82.50241
2023-10-15 03:30:00,739080.416,-339460.58972,10.0,20.33062,82.50239
2023-10-15 04:00:00,738990.7309,-339666.20422,10.0,20.31482,82.50235
2023-10-15 04:30:00,738905.59395,-339872.19465,10.0,20.29913,82.50227
2023-10-15 05:00:00,738823.77582,-340086.43764,10.0,20.28301,82.50213
2023-10-15 05:30:00,738746.23557,-340312.03844,10.0,20.26629,82.50191
2023-10-15 06:00:00,738670.51181,-340549.1221,10.0,20.24889,82.50163
2023-10-15 06:30:00,738607.43445,-340805.35144,10.0,20.23064,82.50117
2023-10-15 07:00:00,738549.44134,-341076.3188,10.0,20.2116,82.50061
2023-10-15 07:30:00,738508.86717,-341363.82959,10.0,20.19202,82.49984
2023-10-15 08:00:00,738473.65521,-341675.79115,10.0,20.17104,82.49893
2023-10-15 08:30:00,738449.23519,-341997.83952,10.0,20.14974,82.49789
2023-10-15 09:00:00,738428.15538,-342343.45017,10.0,20.12704,82.49673
2023-10-15 09:30:00,738411.13241,-342703.27145,10.0,20.10356,82.49548
2023-10-15 10:00:00,738395.9026,-343079.56154,10.0,20.07909,82.49415
2023-10-15 10:30:00,738363.38578,-343479.76796,10.0,20.05259,82.49287
2023-10-15 11:00:00,738316.52655,-343889.74529,10.0,20.02505,82.49167
2023-10-15 11:30:00,738242.28767,-344301.36774,10.5,19.9966,82.49069
2023-10-15 12:00:00,738164.66192,-344709.48545,10.0,19.96828,82.48975
2023-10-15 12:30:00,738064.05113,-345109.79306,10.0,19.93978,82.48903
2023-10-15 13:00:00,737951.40194,-345489.1617,10.0,19.91226,82.48849
2023-10-15 13:30:00,737831.60998,-345850.00861,10.0,19.88571,82.48808
2023-10-15 14:00:00,737718.97616,-346181.97932,10.5,19.86121,82.48772
2023-10-15 14:30:00,737589.69736,-346503.79995,10.0,19.83687,82.48754
2023-10-15 15:00:00,737473.04532,-346808.24143,10.0,19.81401,82.48732
2023-10-15 15:30:00,737354.80117,-347092.77489,10.0,19.79237,82.48719
2023-10-15 16:00:00,737237.55736,-347367.25656,10.0,19.7714,82.48709
2023-10-15 16:30:00,737118.38663,-347632.81771,10.0,19.75094,82.48704
2023-10-15 17:00:00,737006.10306,-347896.28626,10.0,19.73082,82.48694
2023-10-15 17:30:00,736903.99703,-348165.98779,10.0,19.71061,82.48673
2023-10-15 18:00:00,736840.06033,-348433.6153,9.5,19.69168,82.48621
2023-10-15 18:30:00,736793.50963,-348717.69742,10.0,19.67223,82.48548
2023-10-15 19:00:00,736754.19236,-349014.24003,10.0,19.65221,82.48464
2023-10-15 19:30:00,736727.56474,-349326.94955,10.0,19.63155,82.48363
2023-10-15 20:00:00,736713.95795,-349646.95783,10.5,19.61082,82.48248
2023-10-15 20:30:00,736709.08911,-349989.95673,10.0,19.58891,82.48117
2023-10-15 21:00:00,736717.27174,-350340.15748,10.0,19.56694,82.47972
2023-10-15 21:30:00,736731.31826,-350700.53865,10.0,19.54451,82.47818
2023-10-15 22:00:00,736750.17179,-351070.77158,10.0,19.52161,82.47656
2023-10-15 22:30:00,736774.55408,-351444.2714,10.0,19.49868,82.47488
2023-10-15 23:00:00,736803.11195,-351818.82178,10.0,19.47582,82.47316
2023-10-15 23:30:00,736831.80002,-352187.75459,10.0,19.45333,82.47146
2023-10-16 00:00:00,736859.52866,-352545.80024,10.0,19.43151,82.46981
2023-10-16 00:30:00,736893.62924,-352885.23014,10.0,19.41107,82.46818
2023-10-16 01:00:00,736926.01696,-353210.37705,10.0,19.39149,82.46662
2023-10-16 01:30:00,736961.99029,-353520.2846,10.0,19.37299,82.46509
2023-10-16 02:00:00,736989.56328,-353827.38637,10.0,19.35442,82.46364
2023-10-16 02:30:00,737011.12914,-354114.14059,10.0,19.33696,82.46232
2023-10-16 03:00:00,737025.1791,-354396.2693,10.0,19.31957,82.46108
2023-10-16 03:30:00,737035.22554,-354671.49271,10.0,19.3025,82.4599
2023-10-16 04:00:00,737036.97248,-354941.21945,10.0,19.28553,82.45881
2023-10-16 04:30:00,737041.82418,-355209.35017,10.0,19.26876,82.4577
2023-10-16 05:00:00,737041.44797,-355473.13523,10.0,19.25211,82.45665
2023-10-16 05:30:00,737047.19665,-355734.08183,10.0,19.23583,82.45556
2023-10-16 06:00:00,737057.60078,-356002.746,10.0,19.21921,82.4544
2023-10-16 06:30:00,737074.87571,-356277.0344,10.0,19.20245,82.45316
2023-10-16 07:00:00,737102.88372,-356566.445,10.0,19.18507,82.45177
2023-10-16 07:30:00,737138.75144,-356866.90892,10.0,19.16724,82.45027
2023-10-16 08:00:00,737190.77187,-357176.26504,10.0,19.14935,82.4486
2023-10-16 08:30:00,737244.44558,-357494.49534,10.0,19.13096,82.44688
2023-10-16 09:00:00,737306.57058,-357822.52535,10.0,19.11222,82.44505
2023-10-16 09:30:00,737373.51518,-358152.88205,10.0,19.09349,82.44317
2023-10-16 10:00:00,737449.41057,-358477.71615,10.5,19.07539,82.44124
2023-10-16 10:30:00,737534.6512,-358811.69703,10.0,19.05701,82.43919
2023-10-16 11:00:00,737623.95699,-359137.78523,10.0,19.03926,82.43714
2023-10-16 11:30:00,737712.43091,-359460.4353,10.0,19.02171,82.43511
2023-10-16 12:00:00,737796.63258,-359774.2988,10.0,19.00459,82.43315
2023-10-16 12:30:00,737881.89299,-360075.90506,10.0,18.98828,82.43123
2023-10-16 13:00:00,737960.69211,-360363.32249,10.5,18.97267,82.42942
2023-10-16 13:30:00,738040.2675,-360644.058,10.0,18.95751,82.42763
2023-10-16 14:00:00,738108.61505,-360910.47903,10.0,18.94291,82.42599
2023-10-16 14:30:00,738168.58471,-361161.7248,10.0,18.92901,82.42448
2023-10-16 15:00:00,738225.10749,-361397.63552,10.0,18.91597,82.42306
2023-10-16 15:30:00,738279.61562,-361617.77916,10.0,18.90386,82.42172
2023-10-16 16:00:00,738329.31001,-361830.35856,10.0,18.89208,82.42045
2023-10-16 16:30:00,738377.51627,-362026.12649,10.0,18.88131,82.41926
2023-10-16 17:00:00,738428.86451,-362217.89368,10.0,18.87089,82.41806
2023-10-16 17:30:00,738479.47945,-362406.15531,10.0,18.86067,82.41688
2023-10-16 18:00:00,738535.50292,-362595.68364,10.0,18.85054,82.41565
2023-10-16 18:30:00,738596.34806,-362780.27257,10.0,18.84087,82.4144
2023-10-16 19:00:00,738661.44122,-362978.36367,10.5,18.83049,82.41306
2023-10-16 19:30:00,738732.24319,-363182.04186,10.0,18.81994,82.41165
2023-10-16 20:00:00,738811.69261,-363387.79432,10.0,18.80953,82.41016
2023-10-16 20:30:00,738904.56654,-363600.69893,10.0,18.79909,82.40853
2023-10-16 21:00:00,739010.65404,-363826.10971,10.0,18.78828,82.40674
2023-10-16 21:30:00,739118.15423,-364063.35875,10.0,18.77678,82.40489
2023-10-16 22:00:00,739228.65471,-364305.62481,10.5,18.76506,82.40299
2023-10-16 22:30:00,739339.66276,-364563.79369,10.0,18.75238,82.40103
2023-10-16 23:00:00,739443.30399,-364828.30333,10.0,18.73908,82.3991
2023-10-16 23:30:00,739546.81858,-365095.42769,10.0,18.72562,82.39716
2023-10-17 00:00:00,739642.41992,-365363.7321,10.0,18.71185,82.39528
2023-10-17 00:30:00,739733.46009,-365631.33756,10.0,18.69799,82.39344
2023-10-17 01:00:00,739818.00111,-365889.89064,10.0,18.6845,82.39169
2023-10-17 01:30:00,739889.40107,-366133.19908,10.0,18.67156,82.39011
2023-10-17 02:00:00,739955.80726,-366366.88529,10.0,18.65907,82.38861
2023-10-17 02:30:00,740011.84172,-366589.5613,10.0,18.64695,82.38724
2023-10-17 03:00:00,740063.23294,-366804.37491,10.0,18.63518,82.38594
2023-10-17 03:30:00,740104.15296,-367010.84202,10.0,18.62361,82.38476
2023-10-17 04:00:00,740134.96734,-367215.5727,10.0,18.61184,82.38367
2023-10-17 04:30:00,740156.76674,-367416.36576,10.0,18.60004,82.38267
2023-10-17 05:00:00,740163.70289,-367622.54981,10.0,18.58745,82.38177
2023-10-17 05:30:00,740165.22206,-367832.21124,10.0,18.57448,82.3809
2023-10-17 06:00:00,740157.84173,-368049.90181,10.0,18.56074,82.38007
2023-10-17 06:30:00,740141.61876,-368275.48923,10.0,18.54624,82.37928
2023-10-17 07:00:00,740117.78584,-368511.36055,10.0,18.53087,82.37851
2023-10-17 07:30:00,740101.68609,-368755.97227,10.0,18.5152,82.37764
2023-10-17 08:00:00,740064.39955,-369006.36726,10.0,18.49852,82.37692
2023-10-17 08:30:00,740042.33375,-369260.21372,10.0,18.4821,82.37606
2023-10-17 09:00:00,740020.51167,-369515.85546,10.0,18.46558,82.37519
2023-10-17 09:30:00,740004.30855,-369772.26773,10.0,18.44919,82.37427
2023-10-17 10:00:00,739989.9969,-370026.58163,10.5,18.43299,82.37334
2023-10-17 10:30:00,739977.14786,-370281.44977,10.0,18.41681,82.3724
2023-10-17 11:00:00,739964.11273,-370528.65679,10.0,18.4011,82.37149
2023-10-17 11:30:00,739950.72916,-370764.2784,10.0,18.3861,82.37063
2023-10-17 12:00:00,739940.18303,-370986.83271,10.0,18.372,82.3698
2023-10-17 12:30:00,739928.46614,-371192.20012,10.0,18.35893,82.36905
2023-10-17 13:00:00,739905.9989,-371377.66255,10.0,18.34676,82.36847
2023-10-17 13:30:00,739881.22333,-371536.12402,10.0,18.33619,82.36802
2023-10-17 14:00:00,739848.83691,-371678.16813,10.0,18.3264,82.3677
2023-10-17 14:30:00,739810.40873,-371795.84013,10.0,18.31793,82.36753
2023-10-17 15:00:00,739773.78936,-371895.34149,10.0,18.31064,82.36742
2023-10-17 15:30:00,739724.78515,-371983.11859,10.0,18.30369,82.36746
2023-10-17 16:00:00,739664.75966,-372061.30659,10.0,18.29699,82.36763
2023-10-17 16:30:00,739589.95635,-372130.113,10.0,18.29041,82.36796
2023-10-17 17:00:00,739494.60488,-372193.74459,10.0,18.28351,82.36848
2023-10-17 17:30:00,739387.8455,-372253.39686,10.0,18.2765,82.36911
2023-10-17 18:00:00,739273.62832,-372313.3183,10.0,18.26924,82.3698
2023-10-17 18:30:00,739158.50459,-372370.17377,10.0,18.26214,82.37051
2023-10-17 19:00:00,739042.98466,-372430.20477,10.0,18.25483,82.37121
2023-10-17 19:30:00,738927.51153,-372499.78027,10.0,18.24693,82.37187
2023-10-17 20:00:00,738811.37903,-372573.04455,10.0,18.23878,82.37252
2023-10-17 20:30:00,738689.52579,-372652.78108,10.0,18.23005,82.37319
2023-10-17 21:00:00,738577.3172,-372735.09577,10.0,18.22146,82.37377
2023-10-17 21:30:00,738471.58302,-372816.61446,10.0,18.21312,82.3743
2023-10-17 22:00:00,738364.92962,-372899.91445,10.0,18.20464,82.37483
2023-10-17 22:30:00,738259.75956,-372982.65082,10.0,18.19624,82.37535
2023-10-17 23:00:00,738154.20196,-373061.29099,10.0,18.18808,82.37589
2023-10-17 23:30:00,738056.56415,-373131.46248,10.0,18.18069,82.3764
2023-10-18 00:00:00,737947.27711,-373193.30062,10.0,18.17345,82.37704
2023-10-18 00:30:00,737854.29891,-373237.33017,10.0,18.16782,82.37762
2023-10-18 01:00:00,737769.86662,-373259.63175,10.0,18.1638,82.37822
2023-10-18 01:30:00,737676.15155,-373264.12695,10.0,18.16059,82.37897
2023-10-18 02:00:00,737589.53932,-373254.58095,10.0,18.15847,82.37972
2023-10-18 02:30:00,737501.43011,-373223.89826,10.0,18.15761,82.38057
2023-10-18 03:00:00,737411.17085,-373173.37128,10.0,18.15791,82.38152
2023-10-18 03:30:00,737310.53715,-373099.97695,10.0,18.1593,82.38265
2023-10-18 04:00:00,737204.24171,-373008.85654,10.0,18.16161,82.3839
2023-10-18 04:30:00,737099.8873,-372916.30678,10.0,18.16407,82.38514
2023-10-18 05:00:00,736986.55073,-372810.17971,10.0,18.16709,82.38651
2023-10-18 05:30:00,736869.26703,-372697.39009,10.0,18.1704,82.38794
2023-10-18 06:00:00,736758.39225,-372581.56419,10.0,18.1741,82.38933
2023-10-18 06:30:00,736640.39351,-372458.12223,10.0,18.17805,82.39081
2023-10-18 07:00:00,736517.28666,-372320.66364,10.0,18.18271,82.39239
2023-10-18 07:30:00,736385.61586,-372180.84429,10.0,18.18725,82.39405
2023-10-18 08:00:00,736250.11507,-372034.12101,10.0,18.1921,82.39577
2023-10-18 08:30:00,736116.47992,-371881.28,10.0,18.19739,82.3975
2023-10-18 09:00:00,735969.74345,-371725.40757,10.0,18.20246,82.39935
2023-10-18 09:30:00,735818.91999,-371548.65424,10.0,18.2087,82.40132
2023-10-18 10:00:00,735666.79014,-371377.85891,10.5,18.21453,82.40328
2023-10-18 10:30:00,735506.62853,-371201.69028,10.0,18.22045,82.40532
2023-10-18 11:00:00,735343.48134,-371022.73793,10.0,18.22645,82.4074
2023-10-18 11:30:00,735176.35183,-370822.67571,10.0,18.23364,82.4096
2023-10-18 12:00:00,734999.84893,-370595.26787,10.0,18.24224,82.41199
2023-10-18 12:30:00,734806.31711,-370346.01585,10.0,18.25167,82.41461
2023-10-18 13:00:00,734590.99562,-370057.76015,10.5,18.26285,82.41757
2023-10-18 13:30:00,734351.32462,-369730.71514,10.0,18.27569,82.42089
2023-10-18 14:00:00,734120.8935,-369385.21827,10.0,18.28998,82.42421
2023-10-18 14:30:00,733874.33695,-369006.2994,10.0,18.30586,82.4278
2023-10-18 15:00:00,733633.45478,-368606.25826,10.0,18.32325,82.43143
2023-10-18 15:30:00,733355.23875,-368181.01071,10.0,18.34106,82.43547
2023-10-18 16:00:00,733054.40575,-367762.52378,10.5,18.35776,82.43967
2023-10-18 16:30:00,732730.5245,-367335.12989,10.0,18.37431,82.44409
2023-10-18 17:00:00,732404.98306,-366923.71118,10.0,18.38983,82.44846
2023-10-18 17:30:00,732056.98151,-366515.71735,10.0,18.40445,82.453
2023-10-18 18:00:00,731692.48338,-366111.40766,10.0,18.41834,82.45766
2023-10-18 18:30:00,731293.1924,-365689.01696,10.0,18.43229,82.46268
2023-10-18 19:00:00,730884.07379,-365277.26476,10.5,18.44528,82.46774
2023-10-18 19:30:00,730455.61441,-364836.80102,10.0,18.45949,82.47307
2023-10-18 20:00:00,730029.66846,-364382.26387,10.0,18.47468,82.47844
2023-10-18 20:30:00,729611.68515,-363921.39004,10.0,18.49054,82.48377
2023-10-18 21:00:00,729220.20526,-363448.66269,10.0,18.508,82.48893
2023-10-18 21:30:00,728832.4462,-363002.46055,10.0,18.52393,82.49395
2023-10-18 22:00:00,728449.95288,-362604.07459,10.5,18.53703,82.49873
2023-10-18 22:30:00,728052.59771,-362198.95372,10.0,18.55011,82.50366
2023-10-18 23:00:00,727641.9318,-361800.91353,10.0,18.56234,82.50867
2023-10-18 23:30:00,727206.91335,-361385.80815,10.0,18.5749,82.51395
2023-10-19 00:00:00,726765.08512,-360937.87266,10.0,18.58934,82.51942
2023-10-19 00:30:00,726323.50383,-360447.73696,10.0,18.60648,82.52506
2023-10-19 01:00:00,725876.93034,-359891.61104,10.0,18.62767,82.53101
2023-10-19 01:30:00,725485.84001,-359289.39142,10.0,18.65356,82.53669
2023-10-19 02:00:00,725293.02819,-358703.0035,10.0,18.68471,82.54067
2023-10-19 02:30:00,725218.12191,-358142.62356,10.5,18.71794,82.54357
2023-10-19 03:00:00,725203.02029,-357615.28927,10.0,18.75097,82.54584
2023-10-19 03:30:00,725236.94403,-357113.35622,10.0,18.78394,82.5476
2023-10-19 04:00:00,725306.86247,-356655.93319,10.0,18.81522,82.54888
2023-10-19 04:30:00,725410.97507,-356231.97011,10.0,18.84545,82.54974
2023-10-19 05:00:00,725592.89869,-355856.33138,10.0,18.87504,82.54976
2023-10-19 05:30:00,725859.31523,-355587.11192,10.0,18.90049,82.54865
2023-10-19 06:00:00,726169.02883,-355401.96513,10.5,18.92193,82.54684
2023-10-19 06:30:00,726500.26132,-355279.63148,10.0,18.94003,82.5446
2023-10-19 07:00:00,726852.82631,-355237.02396,10.0,18.95371,82.54186
2023-10-19 07:30:00,727234.53726,-355273.42293,10.0,18.96326,82.53856
2023-10-19 08:00:00,727639.34626,-355366.5804,10.0,18.96991,82.53484
2023-10-19 08:30:00,728055.05273,-355516.72684,10.0,18.97327,82.5308
2023-10-19 09:00:00,728443.20475,-355705.95054,10.0,18.97329,82.52683
2023-10-19 09:30:00,728807.18487,-355843.04337,10.0,18.97587,82.52327
2023-10-19 10:00:00,729136.6338,-355949.21404,10.0,18.97934,82.52012
2023-10-19 10:30:00,729405.96035,-356057.04722,10.0,18.98084,82.51746
2023-10-19 11:00:00,729594.48897,-356149.3922,10.0,18.98082,82.51553
2023-10-19 11:30:00,729733.41151,-356199.54332,10.0,18.98194,82.51418
2023-10-19 12:00:00,729827.34237,-356185.1704,10.5,18.98576,82.51346
2023-10-19 12:30:00,729872.65965,-356075.40796,10.0,18.99412,82.51353
2023-10-19 13:00:00,729876.14299,-355889.61327,10.0,19.00601,82.51425
2023-10-19 13:30:00,729909.68357,-355602.32228,10.0,19.02527,82.51513
2023-10-19 14:00:00,730005.6399,-355203.97162,10.0,19.05351,82.51594
2023-10-19 14:30:00,730164.68102,-354670.34852,10.0,19.09229,82.51677
2023-10-19 15:00:00,730398.29523,-353997.00615,10.0,19.14225,82.51754
2023-10-19 15:30:00,730636.221,-353293.34134,10.0,19.19428,82.51839
2023-10-19 16:00:00,730937.16449,-352550.12689,10.0,19.25077,82.51887
2023-10-19 16:30:00,731296.72069,-351758.52492,10.0,19.31214,82.51905
2023-10-19 17:00:00,731683.73305,-350960.34595,10.0,19.37477,82.51902
2023-10-19 17:30:00,732092.81901,-350133.93604,10.0,19.43987,82.51891
2023-10-19 18:00:00,732561.88605,-349280.38888,10.0,19.50852,82.5184
2023-10-19 18:30:00,733039.11321,-348465.2351,10.0,19.57496,82.51766
2023-10-19 19:00:00,733535.97925,-347639.11297,10.0,19.64268,82.51679
2023-10-19 19:30:00,734068.54778,-346818.79692,10.0,19.71109,82.51559
2023-10-19 20:00:00,734651.03889,-346035.27842,10.0,19.77863,82.51382
2023-10-19 20:30:00,735348.52191,-345313.87034,10.0,19.84562,82.51084
2023-10-19 21:00:00,736130.31174,-344701.32693,10.5,19.90813,82.50672
2023-10-19 21:30:00,737012.02886,-344164.80273,10.0,19.96869,82.50147
2023-10-19 22:00:00,737933.50979,-343782.03558,10.0,20.02054,82.49528
2023-10-19 22:30:00,738835.95703,-343528.95885,10.0,20.06347,82.48874
2023-10-19 23:00:00,739697.11741,-343376.68361,10.0,20.09868,82.48215
2023-10-19 23:30:00,740516.31247,-343319.39408,10.0,20.12654,82.47554
2023-10-20 00:00:00,741292.36149,-343359.07203,10.5,20.14691,82.46891
2023-10-20 00:30:00,742039.48442,-343491.36277,10.0,20.1605,82.46217
2023-10-20 01:00:00,742694.24688,-343700.49,10.0,20.16647,82.4559
2023-10-20 01:30:00,743272.20438,-343951.25874,10.0,20.16753,82.45011
2023-10-20 02:00:00,743800.38066,-344226.72478,10.0,20.16556,82.44464
2023-10-20 02:30:00,744306.38887,-344547.49969,10.0,20.16007,82.43918
2023-10-20 03:00:00,744683.91792,-344954.1316,10.0,20.14538,82.43446
2023-10-20 03:30:00,744964.57561,-345365.27662,10.5,20.12758,82.43053
2023-10-20 04:00:00,745140.26386,-345756.93436,10.0,20.10795,82.42755
2023-10-20 04:30:00,745295.13396,-346133.79181,10.0,20.08866,82.4248
2023-10-20 05:00:00,745401.82896,-346425.67167,10.0,20.07334,82.42278
2023-10-20 05:30:00,745555.23876,-346606.6283,10.0,20.06641,82.4208
2023-10-20 06:00:00,745763.27613,-346706.19357,10.0,20.06623,82.41868
2023-10-20 06:30:00,745981.59739,-346739.76651,10.0,20.07052,82.41673
2023-10-20 07:00:00,746190.34556,-346713.90598,10.0,20.07828,82.41509
2023-10-20 07:30:00,746387.7974,-346629.69144,10.0,20.08939,82.41377
2023-10-20 08:00:00,746635.60113,-346491.17987,10.0,20.1054,82.41224
2023-10-20 08:30:00,747132.11226,-346439.37997,10.0,20.12321,82.4083
2023-10-20 09:00:00,747851.29691,-346610.63737,10.0,20.13344,82.40164
2023-10-20 09:30:00,748659.02143,-346862.46288,10.0,20.14116,82.39393
2023-10-20 10:00:00,749497.98075,-347189.19664,10.0,20.14506,82.38567
2023-10-20 10:30:00,750343.7139,-347555.67436,10.0,20.14665,82.3772
2023-10-20 11:00:00,751237.42144,-347945.43031,10.0,20.14817,82.36824
2023-10-20 11:30:00,752161.24081,-348443.62417,10.0,20.14376,82.35861
2023-10-20 12:00:00,753052.91422,-349039.66077,10.0,20.1323,82.34887
2023-10-20 12:30:00,753874.7066,-349729.42544,10.0,20.11298,82.33935
2023-10-20 13:00:00,754547.85143,-350480.77824,10.0,20.08555,82.33083
2023-10-20 13:30:00,755128.86161,-351256.94813,10.0,20.05396,82.32298
2023-10-20 14:00:00,755638.52251,-352077.48296,10.0,20.0176,82.31555
2023-10-20 14:30:00,756047.57814,-352901.85374,10.0,19.97815,82.30894
2023-10-20 15:00:00,756343.52898,-353723.17428,10.0,19.93567,82.30328
2023-10-20 15:30:00,756520.07263,-354498.24745,10.0,19.89265,82.29879
2023-10-20 16:00:00,756581.90885,-355185.38754,10.5,19.85179,82.29559
2023-10-20 16:30:00,756540.28099,-355773.77872,10.0,19.81408,82.29364
2023-10-20 17:00:00,756438.31775,-356189.76902,10.0,19.78531,82.29286
2023-10-20 17:30:00,756359.42404,-356454.25885,10.0,19.76661,82.29248
2023-10-20 18:00:00,756304.31752,-356566.06318,10.0,19.75807,82.2925
2023-10-20 18:30:00,756309.13951,-356535.42352,10.0,19.76011,82.29258
2023-10-20 19:00:00,756383.98213,-356376.61865,10.0,19.77214,82.29258
2023-10-20 19:30:00,756528.53813,-356100.30449,10.0,19.79349,82.29246
2023-10-20 20:00:00,756771.03043,-355743.26885,10.0,19.8227,82.29184
2023-10-20 20:30:00,757109.48091,-355375.89376,10.0,19.85534,82.29046
2023-10-20 21:00:00,757531.31192,-355022.25334,10.0,19.88954,82.28833
2023-10-20 21:30:00,758047.09878,-354713.56212,10.0,19.92366,82.28524
2023-10-20 22:00:00,758667.46027,-354452.80262,10.0,19.95781,82.28109
2023-10-20 22:30:00,759335.95997,-354273.45092,10.0,19.98827,82.27622
2023-10-20 23:00:00,760067.53515,-354187.4483,10.0,20.01473,82.27046
2023-10-20 23:30:00,760838.11466,-354223.49425,10.0,20.03472,82.2639
2023-10-21 00:00:00,761622.0034,-354380.3105,10.0,20.04759,82.25676
2023-10-21 00:30:00,762407.89615,-354641.09504,10.0,20.05407,82.2492
2023-10-21 01:00:00,763143.51678,-354999.63925,10.0,20.05306,82.24168
2023-10-21 01:30:00,763793.15554,-355437.24626,10.0,20.04471,82.23457
2023-10-21 02:00:00,764344.10776,-355937.2674,10.0,20.0297,82.22804
2023-10-21 02:30:00,764786.13835,-356469.96579,10.0,20.00958,82.22229
2023-10-21 03:00:00,765102.78881,-357003.51818,10.0,19.98584,82.21758
2023-10-21 03:30:00,765305.49739,-357500.42457,10.0,19.96111,82.21396
2023-10-21 04:00:00,765405.10203,-357912.29877,10.5,19.93866,82.21153
2023-10-21 04:30:00,765408.13107,-358239.11297,10.0,19.91868,82.21023
2023-10-21 05:00:00,765346.74145,-358449.78338,10.0,19.90398,82.20992
2023-10-21 05:30:00,765286.13081,-358525.31025,10.0,19.8976,82.21013
2023-10-21 06:00:00,765235.92754,-358473.4514,10.0,19.89934,82.21075
2023-10-21 06:30:00,765211.26625,-358310.6113,10.0,19.90863,82.21159
2023-10-21 07:00:00,765219.22747,-358072.87781,10.0,19.92346,82.21245
2023-10-21 07:30:00,765317.02781,-357776.45185,9.5,19.94448,82.21279
2023-10-21 08:00:00,765474.33658,-357434.6173,10.0,19.97,82.21281
2023-10-21 08:30:00,765705.00531,-357086.9738,10.0,19.99798,82.21224
2023-10-21 09:00:00,766013.13486,-356758.09551,10.0,20.02702,82.21095
2023-10-21 09:30:00,766415.76124,-356478.38146,10.0,20.05573,82.20868
2023-10-21 10:00:00,766928.00856,-356254.03427,10.0,20.08415,82.20528
2023-10-21 10:30:00,767507.52931,-356103.95631,10.0,20.1099,82.20103
2023-10-21 11:00:00,768165.02175,-356051.77033,10.0,20.13183,82.19575
2023-10-21 11:30:00,768840.1691,-356103.58813,10.0,20.14785,82.18992
2023-10-21 12:00:00,769510.03518,-356265.09838,10.0,20.15697,82.18371
2023-10-21 12:30:00,770148.85896,-356516.9514,10.0,20.15966,82.17741
2023-10-21 13:00:00,770759.16321,-356856.32069,10.0,20.15618,82.17101
2023-10-21 13:30:00,771299.53488,-357284.54808,10.0,20.14529,82.16485
2023-10-21 14:00:00,771752.84585,-357753.05203,10.0,20.12949,82.15926
2023-10-21 14:30:00,772094.43075,-358252.79643,10.0,20.10864,82.15448
2023-10-21 15:00:00,772339.15575,-358730.91518,10.0,20.08639,82.15059
2023-10-21 15:30:00,772485.27925,-359180.76918,10.0,20.06309,82.14763
2023-10-21 16:00:00,772534.94866,-359579.77243,10.5,20.04017,82.14567
2023-10-21 16:30:00,772511.46458,-359908.46988,10.0,20.01947,82.14459
2023-10-21 17:00:00,772435.91437,-360124.67059,10.0,20.00415,82.14438
2023-10-21 17:30:00,772321.08156,-360203.5664,10.0,19.99608,82.14503
2023-10-21 18:00:00,772196.09137,-360152.32799,10.0,19.99565,82.14627
2023-10-21 18:30:00,772096.08407,-359975.42175,10.0,20.00359,82.14779
2023-10-21 19:00:00,772057.33768,-359700.50284,10.0,20.01925,82.14918
2023-10-21 19:30:00,772098.35502,-359357.22226,10.0,20.04135,82.15017
2023-10-21 20:00:00,772223.72491,-358979.33046,10.0,20.06796,82.15059
2023-10-21 20:30:00,772449.8946,-358580.27828,10.0,20.09872,82.15025
2023-10-21 21:00:00,772785.23808,-358198.69158,10.0,20.1315,82.14893
2023-10-21 21:30:00,773233.64843,-357857.12763,10.0,20.16502,82.14651
2023-10-21 22:00:00,773785.2893,-357574.23484,10.0,20.19785,82.143
2023-10-21 22:30:00,774409.2893,-357359.82216,10.0,20.22851,82.13862
2023-10-21 23:00:00,775107.84244,-357248.25268,10.0,20.25496,82.13322
2023-10-21 23:30:00,775844.1182,-357233.86612,10.0,20.27651,82.12713
2023-10-22 00:00:00,776590.84281,-357357.91352,10.0,20.28989,82.12042
2023-10-22 00:30:00,777310.90382,-357589.31208,10.0,20.29597,82.11352
2023-10-22 01:00:00,777996.02731,-357917.48943,10.0,20.29518,82.10654
2023-10-22 01:30:00,778599.65427,-358303.04119,10.0,20.28863,82.10002
2023-10-22 02:00:00,779114.14231,-358741.67626,10.0,20.27638,82.09404
2023-10-22 02:30:00,779522.01641,-359203.57664,10.0,20.25976,82.08886
2023-10-22 03:00:00,779823.89567,-359666.47342,10.0,20.24014,82.08456
2023-10-22 03:30:00,780024.53151,-360109.57596,10.0,20.21891,82.08118
2023-10-22 04:00:00,780149.20714,-360480.69847,10.0,20.19993,82.07871
2023-10-22 04:30:00,780223.63774,-360773.57198,10.0,20.18429,82.07696
2023-10-22 05:00:00,780251.57744,-360985.36207,10.0,20.17226,82.07591
2023-10-22 05:30:00,780253.63505,-361102.7122,10.0,20.16522,82.07544
2023-10-22 06:00:00,780238.19295,-361128.30429,10.0,20.16324,82.07547
2023-10-22 06:30:00,780244.69935,-361057.24112,10.0,20.16772,82.07569
2023-10-22 07:00:00,780272.13565,-360938.33111,10.0,20.17568,82.07592
2023-10-22 07:30:00,780369.1811,-360762.18098,10.0,20.18905,82.07579
2023-10-22 08:00:00,780524.26902,-360564.07594,10.0,20.20537,82.07526
2023-10-22 08:30:00,780754.64886,-360355.89366,10.0,20.2244,82.07414
2023-10-22 09:00:00,781064.94142,-360169.09976,10.0,20.24436,82.07227
2023-10-22 09:30:00,781482.81075,-360032.04136,10.0,20.2643,82.06931
2023-10-22 10:00:00,781963.75758,-359934.68551,10.0,20.28358,82.06567
2023-10-22 10:30:00,782498.33493,-359887.18081,10.0,20.30132,82.06139
2023-10-22 11:00:00,783070.74716,-359913.5253,10.0,20.31563,82.05651
2023-10-22 11:30:00,783642.21557,-360022.62329,10.0,20.3249,82.05132
2023-10-22 12:00:00,784222.95162,-360223.62079,10.0,20.32887,82.0457
2023-10-22 12:30:00,784771.34245,-360510.68223,10.0,20.32675,82.04002
2023-10-22 13:00:00,785290.98103,-360888.99661,10.0,20.31834,82.03423
2023-10-22 13:30:00,785744.12665,-361346.7588,10.0,20.30332,82.02869
2023-10-22 14:00:00,786105.62524,-361855.13689,10.0,20.28274,82.02372
2023-10-22 14:30:00,786365.23211,-362373.73439,10.0,20.25875,82.01956
2023-10-22 15:00:00,786515.00687,-362904.01606,10.0,20.23104,82.01627
2023-10-22 15:30:00,786554.4225,-363376.86429,9.5,20.20374,82.01412
2023-10-22 16:00:00,786497.82743,-363769.05353,10.0,20.17863,82.01308
2023-10-22 16:30:00,786382.37777,-364091.09756,10.0,20.1561,82.0128
2023-10-22 17:00:00,786214.00435,-364325.13011,10.0,20.13738,82.0133
2023-10-22 17:30:00,786006.8075,-364427.93972,10.0,20.12545,82.01463
2023-10-22 18:00:00,785805.58619,-364433.71504,10.5,20.1195,82.01629
2023-10-22 18:30:00,785624.58925,-364375.17872,10.0,20.11798,82.01802
2023-10-22 19:00:00,785467.21439,-364243.71993,10.0,20.12149,82.01984
2023-10-22 19:30:00,785348.95513,-364045.99384,10.0,20.13007,82.02159
2023-10-22 20:00:00,785305.04337,-363788.71826,10.0,20.1443,82.02295
2023-10-22 20:30:00,785368.14487,-363491.85169,10.0,20.16389,82.02357
2023-10-22 21:00:00,785518.20191,-363208.95233,10.0,20.18506,82.02341
2023-10-22 21:30:00,785746.5153,-362943.21833,10.0,20.20737,82.02253
2023-10-22 22:00:00,786035.8332,-362711.20944,9.5,20.22934,82.02101
2023-10-22 22:30:00,786379.09186,-362523.0642,10.0,20.25016,82.01887
2023-10-22 23:00:00,786757.14386,-362402.18891,10.0,20.26789,82.01618
2023-10-22 23:30:00,787137.50819,-362364.59089,10.0,20.28067,82.01315
2023-10-23 00:00:00,787503.15716,-362407.87857,10.5,20.28818,82.00993
2023-10-23 00:30:00,787853.03477,-362541.0174,10.0,20.28985,82.0065
2023-10-23 01:00:00,788151.75093,-362745.81911,10.0,20.28581,82.00322
2023-10-23 01:30:00,788388.64044,-363009.43354,10.0,20.27654,82.00023
2023-10-23 02:00:00,788547.88852,-363311.47459,10.0,20.26283,81.99774
2023-10-23 02:30:00,788618.35096,-363631.80837,10.0,20.24558,81.99592
2023-10-23 03:00:00,788610.7027,-363949.7854,10.0,20.22632,81.99476
2023-10-23 03:30:00,788528.98247,-364230.6352,10.0,20.20724,81.99436
2023-10-23 04:00:00,788381.62804,-364461.29946,10.0,20.18935,81.9947
2023-10-23 04:30:00,788174.0977,-364635.20452,10.0,20.17319,81.99576
2023-10-23 05:00:00,787921.05926,-364759.58006,10.0,20.15873,81.99739
2023-10-23 05:30:00,787637.73318,-364814.56103,10.0,20.14758,81.99954
2023-10-23 06:00:00,787364.0829,-364791.63123,10.0,20.14136,82.00191
2023-10-23 06:30:00,787138.04396,-364704.76106,10.0,20.14029,82.00413
2023-10-23 07:00:00,786955.5839,-364562.66529,10.0,20.14374,82.0062
2023-10-23 07:30:00,786832.00028,-364381.48961,10.0,20.15117,82.00793
2023-10-23 08:00:00,786772.42958,-364170.80853,10.0,20.16215,82.00924
2023-10-23 08:30:00,786800.09928,-363937.36548,10.0,20.17692,82.00991
2023-10-23 09:00:00,786895.96202,-363714.48345,10.0,20.19295,82.00997
2023-10-23 09:30:00,787051.76007,-363509.62119,10.0,20.20956,82.00946
2023-10-23 10:00:00,787250.61569,-363330.76166,10.0,20.2258,82.00849
2023-10-23 10:30:00,787484.53748,-363197.84283,10.0,20.24025,82.00705
2023-10-23 11:00:00,787743.51667,-363122.228,10.0,20.25195,82.00518
2023-10-23 11:30:00,788011.70903,-363114.95821,10.0,20.2598,82.00297
2023-10-23 12:00:00,788277.43722,-363178.02866,10.0,20.26336,82.00051
2023-10-23 12:30:00,788512.57924,-363304.88286,10.0,20.26225,81.99806
2023-10-23 13:00:00,788704.71882,-363499.0494,10.0,20.25592,81.99571
2023-10-23 13:30:00,788839.39757,-363737.2389,10.0,20.24537,81.99367
2023-10-23 14:00:00,788903.63873,-363998.13287,10.0,20.23152,81.99213
2023-10-23 14:30:00,788886.72432,-364265.91275,10.0,20.21502,81.99124
2023-10-23 15:00:00,788789.72058,-364532.99928,10.0,20.19635,81.99102
2023-10-23 15:30:00,788635.65142,-364772.87267,10.0,20.17773,81.99138
2023-10-23 16:00:00,788410.84403,-364983.98134,10.0,20.15887,81.99244
2023-10-23 16:30:00,788141.45474,-365130.57397,10.0,20.14263,81.99412
2023-10-23 17:00:00,787842.75558,-365210.84079,10.0,20.12954,81.9963
2023-10-23 17:30:00,787520.83015,-365216.91651,10.0,20.12024,81.99896
2023-10-23 18:00:00,787202.77204,-365150.41415,10.5,20.11539,82.00187
2023-10-23 18:30:00,786882.61996,-365035.75877,10.0,20.11336,82.00498
2023-10-23 19:00:00,786605.31679,-364865.40996,10.0,20.11586,82.00795
2023-10-23 19:30:00,786377.02551,-364641.11159,10.0,20.12296,82.01072
2023-10-23 20:00:00,786202.93414,-364387.84266,10.0,20.13331,82.01315
2023-10-23 20:30:00,786087.09009,-364112.33777,10.0,20.14662,82.01518
2023-10-23 21:00:00,786018.90178,-363821.85898,10.0,20.16216,82.01687
2023-10-23 21:30:00,785993.81571,-363528.77858,10.0,20.17906,82.01821
2023-10-23 22:00:00,786014.50351,-363250.62091,9.5,20.19634,82.01911
2023-10-23 22:30:00,786062.35542,-362988.7339,10.0,20.2134,82.01972
2023-10-23 23:00:00,786129.70064,-362762.34577,10.0,20.22887,82.02003
2023-10-23 23:30:00,786205.08533,-362585.94414,10.0,20.24156,82.02008
2023-10-24 00:00:00,786265.85889,-362476.70628,10.5,20.24981,82.01999
2023-10-24 00:30:00,786290.04577,-362430.26493,10.0,20.25327,82.01997
2023-10-24 01:00:00,786253.79971,-362446.50211,10.0,20.25129,82.02021
2023-10-24 01:30:00,786156.9902,-362513.51371,10.0,20.24458,82.02076
2023-10-24 02:00:00,785986.80757,-362620.03627,10.0,20.23346,82.02177
2023-10-24 02:30:00,785735.18116,-362752.30164,10.0,20.21853,82.02336
2023-10-24 03:00:00,785424.43769,-362877.45,10.0,20.20238,82.02547
2023-10-24 03:30:00,785047.15856,-362975.18502,10.0,20.18602,82.02824
2023-10-24 04:00:00,784611.96039,-363029.47123,10.0,20.17065,82.03166
2023-10-24 04:30:00,784126.31701,-363039.73886,10.0,20.15651,82.03567
2023-10-24 05:00:00,783615.15785,-363001.40194,10.0,20.14457,82.04008
2023-10-24 05:30:00,783127.3878,-362909.92625,10.0,20.13647,82.0445
2023-10-24 06:00:00,782675.52327,-362751.30551,10.0,20.13341,82.04888
2023-10-24 06:30:00,782293.37355,-362550.96742,10.0,20.13481,82.05284
2023-10-24 07:00:00,781966.86907,-362310.78933,10.0,20.14017,82.05649
2023-10-24 07:30:00,781684.88953,-362049.56146,10.0,20.14805,82.05985
2023-10-24 08:00:00,781449.11836,-361784.33276,10.0,20.15747,82.06284
2023-10-24 08:30:00,781268.1787,-361519.76269,10.0,20.16839,82.06537
2023-10-24 09:00:00,781141.89339,-361245.83201,10.0,20.18141,82.06748
2023-10-24 09:30:00,781061.74234,-360988.70642,9.5,20.19471,82.06914
2023-10-24 10:00:00,781032.85991,-360742.45292,10.0,20.20879,82.07033
2023-10-24 10:30:00,781048.79629,-360526.21733,10.0,20.22231,82.07103
2023-10-24 11:00:00,781094.67849,-360343.67621,10.0,20.23463,82.07135
2023-10-24 11:30:00,781161.44859,-360209.30315,10.0,20.24462,82.07131
2023-10-24 12:00:00,781274.13355,-360089.64329,10.0,20.255,82.07083
2023-10-24 12:30:00,781442.25808,-359969.21501,10.0,20.26697,82.06989
2023-10-24 13:00:00,781667.82993,-359864.44075,10.0,20.27959,82.06841
2023-10-24 13:30:00,781883.62367,-359817.26453,10.0,20.28845,82.06679
2023-10-24 14:00:00,782031.6296,-359831.45817,10.0,20.29171,82.0655
2023-10-24 14:30:00,782108.85856,-359908.34477,10.0,20.28921,82.06456
2023-10-24 15:00:00,782120.61379,-360038.97923,10.0,20.28164,82.06396
2023-10-24 15:30:00,782072.05,-360217.30055,10.0,20.26951,82.06368
2023-10-24 16:00:00,781950.22548,-360382.88766,10.0,20.25611,82.06406
2023-10-24 16:30:00,781775.31536,-360523.14518,10.0,20.24276,82.06498
2023-10-24 17:00:00,781538.07293,-360616.55485,10.0,20.2305,82.0666
2023-10-24 17:30:00,781212.44378,-360662.45881,10.0,20.21864,82.06914
2023-10-24 18:00:00,780854.76975,-360627.12564,10.0,20.21079,82.07226
2023-10-24 18:30:00,780474.80534,-360463.54398,10.0,20.21007,82.07606
2023-10-24 19:00:00,780140.89793,-360187.24968,10.0,20.21746,82.07991
2023-10-24 19:30:00,779893.39383,-359863.9423,10.0,20.23012,82.08322
2023-10-24 20:00:00,779727.9992,-359474.21722,10.0,20.24911,82.0861
2023-10-24 20:30:00,779660.54294,-359048.51724,10.0,20.27303,82.0883
2023-10-24 21:00:00,779664.88198,-358612.20879,10.0,20.29961,82.08994
2023-10-24 21:30:00,779719.75235,-358164.52263,10.0,20.3283,82.0912
2023-10-24 22:00:00,779830.7042,-357721.95628,10.0,20.35825,82.09197
2023-10-24 22:30:00,779997.53526,-357271.81429,10.0,20.39022,82.0923
2023-10-24 23:00:00,780201.17997,-356829.49755,10.0,20.42274,82.09229
2023-10-24 23:30:00,780440.34297,-356429.24495,10.0,20.45369,82.09182
2023-10-25 00:00:00,780703.93401,-356077.10705,10.0,20.48239,82.09096
2023-10-25 00:30:00,780956.7396,-355808.50213,10.0,20.50571,82.08987
2023-10-25 01:00:00,781199.20181,-355641.08245,10.0,20.52259,82.08848
2023-10-25 01:30:00,781397.71378,-355556.9464,10.0,20.53319,82.08714
2023-10-25 02:00:00,781534.25746,-355509.09993,10.0,20.53987,82.08618
2023-10-25 02:30:00,781599.24711,-355484.49704,10.0,20.54316,82.08573
2023-10-25 03:00:00,781600.55418,-355476.36597,10.0,20.54369,82.08575
2023-10-25 03:30:00,781542.57168,-355490.82177,10.0,20.54121,82.08618
2023-10-25 04:00:00,781438.87078,-355519.04427,10.0,20.53663,82.08694
2023-10-25 04:30:00,781286.798,-355551.08256,10.0,20.53048,82.08809
2023-10-25 05:00:00,781080.58711,-355531.29269,10.0,20.52598,82.08989
2023-10-25 05:30:00,780764.03475,-355436.06312,10.0,20.52301,82.0929
2023-10-25 06:00:00,780440.36707,-355259.28154,10.0,20.5248,82.09628
2023-10-25 06:30:00,780215.77448,-355035.5692,10.0,20.53219,82.09901
2023-10-25 07:00:00,780124.43725,-354815.86488,10.0,20.54303,82.10061
2023-10-25 07:30:00,780134.76596,-354588.06852,10.0,20.55718,82.10139
2023-10-25 08:00:00,780205.39248,-354356.33248,10.0,20.57324,82.10168
2023-10-25 08:30:00,780323.43791,-354125.27788,10.0,20.59057,82.10157
2023-10-25 09:00:00,780494.97336,-353897.28484,10.0,20.60919,82.101
2023-10-25 09:30:00,780736.6224,-353646.15963,10.0,20.63115,82.09993
2023-10-25 10:00:00,781017.70561,-353399.97103,10.0,20.65389,82.09851
2023-10-25 10:30:00,781299.48602,-353196.82597,10.0,20.67402,82.09692
2023-10-25 11:00:00,781562.86834,-353065.87961,10.0,20.68924,82.09521
2023-10-25 11:30:00,781828.80627,-352974.08794,10.0,20.70214,82.09333
2023-10-25 12:00:00,782101.85103,-352927.29711,10.0,20.71249,82.09122
2023-10-25 12:30:00,782329.28686,-352915.38546,10.0,20.71946,82.08936
2023-10-25 13:00:00,782527.47016,-352941.8358,10.0,20.72329,82.0876
2023-10-25 13:30:00,782672.62463,-353011.74309,10.0,20.72302,82.08612
2023-10-25 14:00:00,782761.43353,-353116.57844,10.0,20.71908,82.08498
2023-10-25 14:30:00,782786.6908,-353224.65906,10.0,20.7132,82.08436
2023-10-25 15:00:00,782756.80531,-353330.55975,10.0,20.70594,82.08421
2023-10-25 15:30:00,782664.7858,-353404.79071,10.0,20.6989,82.0847
2023-10-25 16:00:00,782535.87464,-353460.20601,10.0,20.69199,82.08557
2023-10-25 16:30:00,782380.23011,-353458.46494,10.0,20.68782,82.08688
2023-10-25 17:00:00,782189.16891,-353424.09427,10.0,20.68466,82.08861
2023-10-25 17:30:00,781995.12735,-353348.74479,10.0,20.68391,82.09052
2023-10-25 18:00:00,781830.70816,-353221.04985,10.0,20.68716,82.09238
2023-10-25 18:30:00,781718.10594,-353036.78785,10.0,20.69528,82.09402
2023-10-25 19:00:00,781649.70394,-352812.75837,10.0,20.70704,82.09544
2023-10-25 19:30:00,781634.39142,-352574.16576,10.0,20.72115,82.09647
2023-10-25 20:00:00,781650.14527,-352332.7309,10.0,20.73629,82.09725
2023-10-25 20:30:00,781707.49806,-352091.53808,10.0,20.75256,82.09768
2023-10-25 21:00:00,781803.37832,-351857.37685,10.0,20.76946,82.09776
2023-10-25 21:30:00,781925.72972,-351633.15656,10.0,20.78648,82.09758
2023-10-25 22:00:00,782071.26038,-351428.85434,10.0,20.80292,82.09713
2023-10-25 22:30:00,782241.81223,-351251.01307,10.0,20.81843,82.09637
2023-10-25 23:00:00,782410.64833,-351111.39754,10.0,20.83156,82.09548
2023-10-25 23:30:00,782581.12374,-351007.90576,10.0,20.84253,82.09444
2023-10-26 00:00:00,782734.62628,-350955.49559,10.0,20.84992,82.09335
2023-10-26 00:30:00,782853.40171,-350943.27637,10.0,20.85391,82.0924
2023-10-26 01:00:00,782929.99669,-350966.61776,10.0,20.85458,82.09167
2023-10-26 01:30:00,782969.12411,-351015.01149,10.0,20.8527,82.09116
2023-10-26 02:00:00,782970.17667,-351079.16362,10.0,20.84882,82.09091
2023-10-26 02:30:00,782926.26021,-351142.51983,10.0,20.84376,82.09104
2023-10-26 03:00:00,782840.01108,-351199.19228,10.0,20.83795,82.09155
2023-10-26 03:30:00,782722.12297,-351230.65861,10.0,20.83281,82.09242
2023-10-26 04:00:00,782576.41276,-351244.36749,10.0,20.82799,82.09359
2023-10-26 04:30:00,782405.28524,-351250.90825,10.0,20.82291,82.095
2023-10-26 05:00:00,782214.61467,-351247.82325,10.0,20.81788,82.09661
2023-10-26 05:30:00,782043.15229,-351178.04597,10.0,20.81744,82.09831
2023-10-26 06:00:00,781898.9106,-351063.58756,10.0,20.82047,82.09995
2023-10-26 06:30:00,781771.99272,-350910.53204,10.0,20.82633,82.10159
2023-10-26 07:00:00,781689.09355,-350749.73418,10.0,20.83387,82.10289
2023-10-26 07:30:00,781646.0182,-350550.6339,10.0,20.84484,82.104
2023-10-26 08:00:00,781643.69281,-350340.36077,10.0,20.85761,82.10481
2023-10-26 08:30:00,781686.12526,-350128.55759,10.0,20.8717,82.10525
2023-10-26 09:00:00,781769.93795,-349920.07108,10.0,20.88672,82.10533
2023-10-26 09:30:00,781887.64232,-349734.2821,10.0,20.90128,82.10504
2023-10-26 10:00:00,782048.28423,-349569.63335,9.5,20.91572,82.10431
2023-10-26 10:30:00,782225.9623,-349438.75337,10.0,20.92856,82.10331
2023-10-26 11:00:00,782398.38802,-349356.90086,10.0,20.93826,82.10217
2023-10-26 11:30:00,782558.43912,-349321.40182,10.0,20.94479,82.10096
2023-10-26 12:00:00,782696.83173,-349334.53461,10.5,20.94776,82.09975
2023-10-26 12:30:00,782806.6966,-349397.97598,10.0,20.94688,82.09859
2023-10-26 13:00:00,782874.42183,-349505.22063,10.0,20.94218,82.09762
2023-10-26 13:30:00,782894.17534,-349645.14698,10.0,20.93418,82.09693
2023-10-26 14:00:00,782867.67524,-349808.52404,10.0,20.92349,82.09654
2023-10-26 14:30:00,782800.93363,-349968.51821,10.0,20.91191,82.0965
2023-10-26 15:00:00,782689.64215,-350118.75073,10.0,20.89971,82.09687
2023-10-26 15:30:00,782547.94326,-350251.58398,10.0,20.88774,82.09756
2023-10-26 16:00:00,782381.04528,-350355.39295,10.0,20.87685,82.09857
2023-10-26 16:30:00,782200.19542,-350423.72716,10.0,20.86774,82.09983
2023-10-26 17:00:00,782005.25433,-350451.60701,10.0,20.86071,82.10136
2023-10-26 17:30:00,781801.06508,-350462.84203,10.0,20.85444,82.10303
2023-10-26 18:00:00,781621.91981,-350430.00594,10.5,20.85154,82.10466
2023-10-26 18:30:00,781458.55604,-350356.96969,10.0,20.85153,82.1063
2023-10-26 19:00:00,781326.32705,-350258.2168,10.0,20.85394,82.10778
2023-10-26 19:30:00,781229.18421,-350126.41073,10.0,20.85933,82.10909
2023-10-26 20:00:00,781170.89592,-349953.10879,10.0,20.86832,82.11023
2023-10-26 20:30:00,781159.71045,-349765.09737,10.0,20.8795,82.11103
2023-10-26 21:00:00,781184.1032,-349572.09831,10.0,20.89196,82.11155
2023-10-26 21:30:00,781239.61008,-349392.0596,10.5,20.90448,82.11176
2023-10-26 22:00:00,781340.6116,-349235.47501,10.0,20.91681,82.1115
2023-10-26 22:30:00,781461.12555,-349093.81061,10.0,20.92876,82.11102
2023-10-26 23:00:00,781592.23011,-348981.71906,10.0,20.93919,82.11034
2023-10-26 23:30:00,781723.1492,-348896.67487,10.0,20.94796,82.10956
2023-10-27 00:00:00,781842.79072,-348838.2452,10.5,20.95479,82.10877
2023-10-27 00:30:00,781943.71595,-348805.61575,10.0,20.95954,82.10805
2023-10-27 01:00:00,782010.89781,-348799.2553,10.0,20.96176,82.10751
2023-10-27 01:30:00,782039.59592,-348820.40144,10.0,20.96125,82.10719
2023-10-27 02:00:00,782032.02114,-348858.75315,10.0,20.9587,82.10711
2023-10-27 02:30:00,781979.20471,-348915.70642,10.0,20.95378,82.10734
2023-10-27 03:00:00,781889.06127,-348973.50637,10.0,20.94779,82.10788
2023-10-27 03:30:00,781767.86253,-349026.10126,10.5,20.94127,82.1087
2023-10-27 04:00:00,781619.85717,-349061.30257,10.0,20.93508,82.10981
2023-10-27 04:30:00,781456.12932,-349070.30994,10.0,20.93006,82.11115
2023-10-27 05:00:00,781278.84772,-349061.61942,10.0,20.92575,82.11267
2023-10-27 05:30:00,781107.97739,-349022.56589,10.0,20.92347,82.11425
2023-10-27 06:00:00,780952.05146,-348953.49766,10.5,20.92343,82.11582
2023-10-27 06:30:00,780818.89765,-348839.93727,10.0,20.92674,82.11736
2023-10-27 07:00:00,780721.06461,-348693.41869,10.0,20.93303,82.11873
2023-10-27 07:30:00,780662.95379,-348516.62907,10.0,20.94226,82.11988
2023-10-27 08:00:00,780648.26069,-348333.2813,10.0,20.95308,82.12069
2023-10-27 08:30:00,780671.46651,-348150.37369,10.0,20.96491,82.12118
2023-10-27 09:00:00,780734.11683,-347975.10784,10.0,20.97735,82.12131
2023-10-27 09:30:00,780830.12317,-347818.46328,10.5,20.98956,82.12109
2023-10-27 10:00:00,780961.7141,-347686.14209,10.0,21.00125,82.12048
2023-10-27 10:30:00,781108.65214,-347583.48522,10.0,21.01154,82.11963
2023-10-27 11:00:00,781267.045,-347516.59348,10.0,21.01995,82.11855
2023-10-27 11:30:00,781426.42591,-347490.28768,10.0,21.0259,82.11731
2023-10-27 12:00:00,781575.98392,-347499.44745,10.0,21.02941,82.11602
2023-10-27 12:30:00,781692.77428,-347539.44585,10.0,21.03014,82.11489
2023-10-27 13:00:00,781785.48704,-347606.81309,10.0,21.02854,82.11386
2023-10-27 13:30:00,781843.13944,-347699.45754,10.0,21.02444,82.11303
2023-10-27 14:00:00,781862.98758,-347802.10839,10.0,21.0187,82.11248
2023-10-27 14:30:00,781845.80837,-347904.97132,10.0,21.01194,82.11224
2023-10-27 15:00:00,781786.20517,-348006.7769,10.0,21.00409,82.11236
2023-10-27 15:30:00,781683.48312,-348098.36906,10.0,20.99569,82.11288
2023-10-27 16:00:00,781550.72599,-348174.43737,10.0,20.98742,82.11371
2023-10-27 16:30:00,781399.59958,-348230.19408,10.0,20.97989,82.11477
2023-10-27 17:00:00,781243.2067,-348254.96608,10.0,20.97411,82.11599
2023-10-27 17:30:00,781092.5094,-348264.27115,10.0,20.96943,82.11722
2023-10-27 18:00:00,780950.95152,-348247.72452,10.0,20.96658,82.11847
2023-10-27 18:30:00,780826.72921,-348216.3474,10.0,20.96511,82.11963
2023-10-27 19:00:00,780732.28744,-348163.61171,10.0,20.96576,82.12062
2023-10-27 19:30:00,780672.22542,-348092.56065,10.0,20.96847,82.12139
2023-10-27 20:00:00,780647.67431,-348005.99121,10.0,20.9731,82.12192
2023-10-27 20:30:00,780666.13219,-347905.77453,10.0,20.97974,82.12214
2023-10-27 21:00:00,780719.88402,-347809.20322,10.0,20.98712,82.12205
2023-10-27 21:30:00,780806.70046,-347715.92303,10.0,20.9952,82.12167
2023-10-27 22:00:00,780921.65958,-347628.95245,10.0,21.00366,82.12103
2023-10-27 22:30:00,781048.46672,-347552.78399,10.0,21.01178,82.12025
2023-10-27 23:00:00,781188.33705,-347498.07868,10.0,21.01894,82.11928
2023-10-27 23:30:00,781329.81723,-347463.82391,10.0,21.02489,82.11822
2023-10-28 00:00:00,781466.22847,-347457.01948,10.0,21.02902,82.1171
2023-10-28 00:30:00,781588.75651,-347468.03988,10.0,21.03168,82.11603
2023-10-28 01:00:00,781688.43804,-347498.30311,10.0,21.03254,82.11508
2023-10-28 01:30:00,781757.41241,-347541.38452,10.0,21.03178,82.11434
2023-10-28 02:00:00,781789.44375,-347592.557,10.0,21.02952,82.11388
2023-10-28 02:30:00,781783.68375,-347640.33052,10.0,21.02644,82.11375
2023-10-28 03:00:00,781753.79124,-347675.41187,10.0,21.02348,82.11387
2023-10-28 03:30:00,781696.60325,-347696.87989,10.0,21.02061,82.11427
2023-10-28 04:00:00,781602.90617,-347733.47734,10.0,21.01582,82.11492
2023-10-28 04:30:00,781479.87617,-347763.7083,10.0,21.01062,82.11584
2023-10-28 05:00:00,781346.0539,-347769.99918,10.0,21.00659,82.11694
2023-10-28 05:30:00,781225.85367,-347748.35509,10.0,21.00464,82.11803
2023-10-28 06:00:00,781110.59157,-347696.88493,10.0,21.00465,82.11919
2023-10-28 06:30:00,781014.13919,-347637.94552,10.0,21.00563,82.12022
2023-10-28 07:00:00,780933.31576,-347576.00534,10.0,21.00722,82.12113
2023-10-28 07:30:00,780890.32155,-347509.35339,10.0,21.01013,82.12174
2023-10-28 08:00:00,780879.66099,-347439.62586,10.0,21.01411,82.12209
2023-10-28 08:30:00,780896.97955,-347371.24879,10.0,21.01877,82.1222
2023-10-28 09:00:00,780947.36922,-347310.87461,10.5,21.02384,82.122
2023-10-28 09:30:00,781026.53279,-347267.39862,10.0,21.02866,82.1215
2023-10-28 10:00:00,781111.61344,-347239.42761,10.0,21.03269,82.12089
2023-10-28 10:30:00,781203.06265,-347223.91055,10.0,21.03613,82.12018
2023-10-28 11:00:00,781294.00617,-347220.24226,10.0,21.03883,82.11943
2023-10-28 11:30:00,781376.17483,-347230.95658,10.0,21.04041,82.1187
2023-10-28 12:00:00,781444.99596,-347255.14502,10.5,21.0408,82.11803
2023-10-28 12:30:00,781502.14085,-347285.13719,10.0,21.04052,82.11744
2023-10-28 13:00:00,781538.85303,-347325.78945,10.0,21.03903,82.11698
2023-10-28 13:30:00,781551.86833,-347374.20809,10.0,21.03642,82.11669
2023-10-28 14:00:00,781543.00404,-347426.29941,10.0,21.03299,82.11657
2023-10-28 14:30:00,781514.16333,-347480.45611,10.0,21.02889,82.11661
2023-10-28 15:00:00,781469.63708,-347545.7704,10.0,21.02368,82.11674
2023-10-28 15:30:00,781401.70121,-347610.14367,10.0,21.01789,82.11707
2023-10-28 16:00:00,781318.32424,-347671.72226,10.0,21.01185,82.11754
2023-10-28 16:30:00,781223.8626,-347726.06809,10.0,21.00595,82.11813
2023-10-28 17:00:00,781128.70745,-347779.2739,10.0,21.0001,82.11873
2023-10-28 17:30:00,781030.66604,-347828.23939,10.0,20.99443,82.11937
2023-10-28 18:00:00,780940.44363,-347865.46223,10.5,20.98969,82.11999
2023-10-28 18:30:00,780865.63251,-347888.50751,10.0,20.98624,82.12053
2023-10-28 19:00:00,780816.6114,-347902.27377,10.0,20.98406,82.12089
2023-10-28 19:30:00,780775.40765,-347903.84069,10.0,20.98284,82.12123
2023-10-28 20:00:00,780759.66348,-347893.72213,10.0,20.98303,82.1214
2023-10-28 20:30:00,780773.04187,-347887.76056,10.0,20.98376,82.12131
2023-10-28 21:00:00,780801.78661,-347876.72231,10.0,20.98522,82.12111
2023-10-28 21:30:00,780847.65576,-347866.93411,10.5,20.98707,82.12076
2023-10-28 22:00:00,780905.10862,-347858.72552,10.0,20.98914,82.12031
2023-10-28 22:30:00,780973.11535,-347850.46898,10.0,20.9915,82.11977
2023-10-28 23:00:00,781043.71802,-347841.7297,10.0,20.99396,82.11921
2023-10-28 23:30:00,781111.65023,-347838.98353,10.0,20.99598,82.11865
2023-10-29 00:00:00,781174.10003,-347838.80158,10.5,20.99769,82.11813
2023-10-29 00:30:00,781229.44077,-347847.32306,10.0,20.99868,82.11763
2023-10-29 01:00:00,781268.91721,-347860.32527,10.0,20.99896,82.11725
2023-10-29 01:30:00,781283.16845,-347876.47425,10.0,20.99836,82.11707
2023-10-29 02:00:00,781279.18378,-347888.09836,10.0,20.99754,82.11706
2023-10-29 02:30:00,781254.69417,-347897.61761,10.0,20.99629,82.11723
2023-10-29 03:00:00,781213.87405,-347901.00719,10.0,20.99497,82.11756
2023-10-29 03:30:00,781166.77915,-347894.41164,10.5,20.99409,82.11798
2023-10-29 04:00:00,781110.55586,-347884.23914,10.0,20.99318,82.11849
2023-10-29 04:30:00,781058.13548,-347862.85293,10.0,20.99306,82.11901
2023-10-29 05:00:00,780998.34703,-347833.93785,10.0,20.9932,82.11962
2023-10-29 05:30:00,780942.9218,-347808.59972,10.0,20.99324,82.12018
2023-10-29 06:00:00,780890.47435,-347780.90423,10.5,20.99351,82.12072
2023-10-29 06:30:00,780848.47689,-347758.53432,10.0,20.99373,82.12116
2023-10-29 07:00:00,780818.58565,-347737.38317,10.0,20.99421,82.12149
2023-10-29 07:30:00,780800.63765,-347716.16251,10.0,20.99502,82.12172
2023-10-29 08:00:00,780798.73045,-347696.37039,10.0,20.99618,82.12181
2023-10-29 08:30:00,780809.08393,-347670.44412,10.0,20.99805,82.12182
2023-10-29 09:00:00,780833.62503,-347639.40401,10.0,21.00062,82.12173
2023-10-29 09:30:00,780873.28672,-347603.82668,10.0,21.00388,82.12153
2023-10-29 10:00:00,780928.39544,-347565.65057,10.0,21.00772,82.12121
2023-10-29 10:30:00,780995.95529,-347528.92743,10.0,21.01181,82.12078
2023-10-29 11:00:00,781068.41154,-347499.92775,10.0,21.01556,82.12028
2023-10-29 11:30:00,781139.77575,-347473.37411,10.0,21.01913,82.11978
2023-10-29 12:00:00,781203.26033,-347452.82042,10.5,21.02212,82.11932
2023-10-29 12:30:00,781248.74337,-347437.24228,10.0,21.02431,82.119
2023-10-29 13:00:00,781275.20346,-347420.59117,10.0,21.02605,82.11884
2023-10-29 13:30:00,781277.78692,-347398.71173,10.0,21.02746,82.1189
2023-10-29 14:00:00,781262.58041,-347360.59387,10.0,21.02938,82.11917
2023-10-29 14:30:00,781234.8047,-347275.7393,10.0,21.03382,82.11972
2023-10-29 15:00:00,781213.5785,-347138.61901,10.5,21.04164,82.12041
2023-10-29 15:30:00,781192.00413,-346980.79776,10.0,21.05072,82.12118
2023-10-29 16:00:00,781166.26448,-346805.48783,10.0,21.06076,82.12205
2023-10-29 16:30:00,781132.97471,-346609.56698,10.0,21.07186,82.12306
2023-10-29 17:00:00,781106.4978,-346400.88942,10.0,21.08393,82.12406
2023-10-29 17:30:00,781085.15563,-346191.27573,10.0,21.0962,82.12502
2023-10-29 18:00:00,781068.76876,-345975.75247,10.0,21.10897,82.12596
2023-10-29 18:30:00,781060.58124,-345784.61453,10.0,21.12047,82.12674
2023-10-29 19:00:00,781059.88712,-345603.34985,10.0,21.13157,82.12742
2023-10-29 19:30:00,781070.40183,-345431.6372,10.0,21.14239,82.12797
2023-10-29 20:00:00,781100.87686,-345271.21675,10.0,21.15306,82.12831
2023-10-29 20:30:00,781146.51326,-345103.33343,10.0,21.1646,82.12855
2023-10-29 21:00:00,781203.65738,-344928.16033,10.0,21.1769,82.12872
2023-10-29 21:30:00,781274.79872,-344766.9923,10.0,21.18872,82.12872
2023-10-29 22:00:00,781371.79391,-344617.22689,10.0,21.20054,82.12846
2023-10-29 22:30:00,781480.25817,-344495.30981,10.0,21.21096,82.128
2023-10-29 23:00:00,781572.67517,-344382.75453,10.0,21.22037,82.12764
2023-10-29 23:30:00,781670.5974,-344290.03939,10.0,21.22871,82.12716
2023-10-30 00:00:00,781761.50579,-344210.50893,10.0,21.23605,82.12669
2023-10-30 00:30:00,781831.47046,-344143.41051,10.0,21.24206,82.12635
2023-10-30 01:00:00,781879.29758,-344077.96426,10.0,21.24737,82.12619
2023-10-30 01:30:00,781913.05437,-344006.64995,10.0,21.25266,82.12617
2023-10-30 02:00:00,781920.25875,-343917.30423,10.0,21.25834,82.12644
2023-10-30 02:30:00,781915.79939,-343822.02183,10.0,21.26407,82.12683
2023-10-30 03:00:00,781897.35851,-343723.37071,10.0,21.26963,82.12735
2023-10-30 03:30:00,781852.43087,-343625.4651,10.0,21.27443,82.12809
2023-10-30 04:00:00,781784.64328,-343530.87851,10.0,21.27841,82.12901
2023-10-30 04:30:00,781684.14891,-343421.44956,10.0,21.28242,82.13026
2023-10-30 05:00:00,781550.24798,-343296.06572,10.0,21.28651,82.13185
2023-10-30 05:30:00,781394.81692,-343154.74632,10.0,21.291,82.13368
2023-10-30 06:00:00,781211.29487,-342993.48362,10.0,21.29596,82.13582
2023-10-30 06:30:00,781012.42773,-342821.13967,10.0,21.30119,82.13813
2023-10-30 07:00:00,780766.82254,-342628.01048,10.0,21.30644,82.14091
2023-10-30 07:30:00,780497.91423,-342341.71314,10.0,21.3168,82.14423
2023-10-30 08:00:00,780297.05055,-341951.61121,10.0,21.3354,82.14736
2023-10-30 08:30:00,780209.66857,-341540.84966,10.0,21.35835,82.14961
2023-10-30 09:00:00,780189.28821,-341128.61961,10.0,21.38321,82.1513
2023-10-30 09:30:00,780222.65552,-340770.32638,10.5,21.4062,82.15234
2023-10-30 10:00:00,780288.29909,-340466.96707,10.0,21.42668,82.1529
2023-10-30 10:30:00,780375.48558,-340190.84351,10.0,21.44606,82.15318
2023-10-30 11:00:00,780500.04799,-339937.66532,10.0,21.46503,82.15306
2023-10-30 11:30:00,780645.29237,-339713.08518,10.0,21.48279,82.15266
2023-10-30 12:00:00,780777.04211,-339464.3345,10.5,21.50168,82.15246
2023-10-30 12:30:00,780969.18307,-339178.21763,10.0,21.52449,82.15189
2023-10-30 13:00:00,781208.10435,-338906.54522,10.0,21.54766,82.15087
2023-10-30 13:30:00,781482.63747,-338702.86079,10.0,21.56758,82.1493
2023-10-30 14:00:00,781770.59621,-338522.68316,10.0,21.5864,82.14753
2023-10-30 14:30:00,782048.34817,-338374.08752,10.0,21.60299,82.14573
2023-10-30 15:00:00,782319.32629,-338254.69046,10.0,21.61759,82.14388
2023-10-30 15:30:00,782569.29128,-338142.63496,10.0,21.63117,82.14218
2023-10-30 16:00:00,782780.95434,-338039.55613,10.0,21.64317,82.14077
2023-10-30 16:30:00,782967.76502,-337958.26547,10.0,21.65316,82.13949
2023-10-30 17:00:00,783136.07759,-337900.55593,10.0,21.6612,82.13828
2023-10-30 17:30:00,783305.9918,-337880.30436,10.0,21.66697,82.13692
2023-10-30 18:00:00,783469.5654,-337888.77875,10.5,21.6708,82.13551
2023-10-30 18:30:00,783658.9812,-337910.90646,10.0,21.67447,82.13383
2023-10-30 19:00:00,783873.61635,-337932.55578,10.0,21.67884,82.13194
2023-10-30 19:30:00,784070.93854,-337977.86483,10.0,21.68129,82.13011
2023-10-30 20:00:00,784254.10292,-338058.76653,10.0,21.68117,82.12827
2023-10-30 20:30:00,784429.18188,-338158.42576,10.0,21.67968,82.12643
2023-10-30 21:00:00,784627.73424,-338253.11343,10.0,21.67912,82.12441
2023-10-30 21:30:00,784824.63182,-338351.6406,9.5,21.67828,82.12239
2023-10-30 22:00:00,785047.01628,-338440.5277,10.0,21.67871,82.12019
2023-10-30 22:30:00,785274.0883,-338540.53328,10.0,21.67858,82.11791
2023-10-30 23:00:00,785482.16132,-338668.11587,10.0,21.67625,82.11569
2023-10-30 23:30:00,785663.52935,-338788.92048,10.0,21.67363,82.11372
2023-10-31 00:00:00,785839.34717,-338914.34742,10.0,21.67058,82.11178
2023-10-31 00:30:00,785997.13461,-339045.85168,10.0,21.66668,82.10997
2023-10-31 01:00:00,786153.58424,-339188.68876,10.0,21.66205,82.10813
2023-10-31 01:30:00,786298.80957,-339341.04313,10.0,21.65654,82.10635
2023-10-31 02:00:00,786433.44598,-339484.95896,10.0,21.65127,82.10469
2023-10-31 02:30:00,786577.7831,-339625.60723,10.0,21.64646,82.10296
2023-10-31 03:00:00,786737.67662,-339790.60414,10.0,21.64057,82.10101
2023-10-31 03:30:00,786899.74237,-339983.47793,10.0,21.63303,82.09894
2023-10-31 04:00:00,787039.19106,-340171.04267,10.0,21.62522,82.09708
2023-10-31 04:30:00,787142.51237,-340376.31282,10.0,21.61537,82.09546
2023-10-31 05:00:00,787212.4599,-340598.36513,10.0,21.60361,82.09406
2023-10-31 05:30:00,787258.37967,-340862.13084,10.0,21.58866,82.09271
2023-10-31 06:00:00,787280.45313,-341074.03214,10.0,21.57626,82.09175
2023-10-31 06:30:00,787322.80402,-341315.66708,10.0,21.56258,82.09051
2023-10-31 07:00:00,787353.41605,-341570.56734,10.0,21.54778,82.08932
2023-10-31 07:30:00,787380.44938,-341819.90386,10.0,21.53323,82.08818
2023-10-31 08:00:00,787426.21669,-342064.21482,10.0,21.51949,82.0869
2023-10-31 08:30:00,787481.23915,-342295.30026,10.0,21.50681,82.08559
2023-10-31 09:00:00,787549.09222,-342499.50793,10.0,21.49612,82.08427
2023-10-31 09:30:00,787656.10424,-342695.4707,10.0,21.48698,82.08265
2023-10-31 10:00:00,787778.90669,-342876.7176,10.5,21.47916,82.08095
2023-10-31 10:30:00,787931.46878,-343047.21886,10.0,21.4728,82.07904
2023-10-31 11:00:00,788102.03839,-343200.67726,10.0,21.46796,82.07704
2023-10-31 11:30:00,788281.57389,-343341.71282,10.0,21.46412,82.07501
2023-10-31 12:00:00,788461.54401,-343462.66788,10.0,21.46152,82.07305
2023-10-31 12:30:00,788629.58142,-343564.68906,10.0,21.45976,82.07126
2023-10-31 13:00:00,788795.14441,-343658.7655,10.5,21.45842,82.06952
2023-10-31 13:30:00,788959.91501,-343741.03762,10.0,21.45778,82.06783
2023-10-31 14:00:00,789105.29295,-343810.60419,10.0,21.4574,82.06635
2023-10-31 14:30:00,789246.29749,-343860.23877,10.0,21.45812,82.06498
2023-10-31 15:00:00,789390.70225,-343904.79364,10.0,21.45924,82.0636
2023-10-31 15:30:00,789524.34334,-343954.98191,10.0,21.45973,82.06229
2023-10-31 16:00:00,789641.54177,-343999.31626,10.0,21.46014,82.06114
2023-10-31 16:30:00,789728.01489,-344026.98394,10.0,21.46075,82.06031
2023-10-31 17:00:00,789819.39877,-344037.92799,10.0,21.46251,82.0595
2023-10-31 17:30:00,789897.98856,-344029.18825,10.0,21.46513,82.05887
2023-10-31 18:00:00,789964.77187,-344009.39539,10.0,21.46811,82.05838
2023-10-31 18:30:00,790031.99838,-343985.85279,10.0,21.47133,82.0579
2023-10-31 19:00:00,790087.01877,-343949.44459,10.0,21.47501,82.05757
2023-10-31 19:30:00,790133.16554,-343904.60914,10.5,21.47897,82.05735
2023-10-31 20:00:00,790196.15407,-343856.86326,10.0,21.48355,82.05699
2023-10-31 20:30:00,790261.95741,-343812.00846,10.0,21.48803,82.0566
2023-10-31 21:00:00,790316.32298,-343760.69505,10.0,21.4926,82.05633
2023-10-31 21:30:00,790397.74051,-343707.19746,10.0,21.49802,82.05584
2023-10-31 22:00:00,790497.45194,-343661.34115,10.5,21.50346,82.05517
2023-10-31 22:30:00,790628.16278,-343619.37308,10.0,21.50948,82.05422
2023-10-31 23:00:00,790781.62324,-343588.44165,10.0,21.51543,82.05304
2023-10-31 23:30:00,790952.84862,-343576.68428,10.0,21.52068,82.05164
2023-11-01 00:00:00,791135.41177,-343585.24757,10.0,21.52499,82.05007
2023-11-01 00:30:00,791324.92251,-343610.58829,10.0,21.52846,82.04838
2023-11-01 01:00:00,791511.14084,-343643.50543,10.0,21.53138,82.04669
2023-11-01 01:30:00,791697.30064,-343684.75176,10.0,21.53379,82.04497
2023-11-01 02:00:00,791885.23918,-343732.83028,10.0,21.53583,82.04321
2023-11-01 02:30:00,792071.45905,-343790.33368,10.0,21.53725,82.04143
2023-11-01 03:00:00,792243.19255,-343862.07934,10.0,21.53742,82.03972
2023-11-01 03:30:00,792387.93703,-343941.33891,10.0,21.53642,82.03821
2023-11-01 04:00:00,792499.45723,-344026.62304,10.5,21.53418,82.03696
2023-11-01 04:30:00,792583.98107,-344118.33356,10.0,21.53083,82.03591
2023-11-01 05:00:00,792640.42489,-344198.74421,10.0,21.52743,82.03514
2023-11-01 05:30:00,792670.34403,-344271.92119,10.0,21.52377,82.03462
2023-11-01 06:00:00,792672.81455,-344342.72087,10.0,21.51953,82.03434
2023-11-01 06:30:00,792650.42135,-344405.18921,10.0,21.51514,82.0343
2023-11-01 07:00:00,792614.04861,-344447.93244,10.0,21.51158,82.03445
2023-11-01 07:30:00,792569.32799,-344488.03186,10.0,21.50796,82.03468
2023-11-01 08:00:00,792529.41593,-344517.06124,10.0,21.50514,82.03491
2023-11-01 08:30:00,792503.4649,-344533.08018,10.0,21.50348,82.03507
2023-11-01 09:00:00,792499.68822,-344547.2265,10.0,21.50252,82.03505
2023-11-01 09:30:00,792521.06857,-344555.37056,10.0,21.50259,82.03484
2023-11-01 10:00:00,792574.06335,-344567.22613,10.0,21.50327,82.03435
2023-11-01 10:30:00,792648.39188,-344579.14342,10.0,21.50451,82.03368
2023-11-01 11:00:00,792745.02881,-344594.33893,10.0,21.50614,82.03281
2023-11-01 11:30:00,792859.778,-344614.27514,10.0,21.50796,82.03177
2023-11-01 12:00:00,792989.41315,-344632.71314,10.5,21.51026,82.03061
2023-11-01 12:30:00,793126.15619,-344656.65639,10.0,21.51242,82.02937
2023-11-01 13:00:00,793252.57877,-344677.02993,10.0,21.51452,82.02823
2023-11-01 13:30:00,793377.51104,-344706.29338,10.0,21.51604,82.02707
2023-11-01 14:00:00,793489.28858,-344730.32839,10.0,21.51753,82.02604
2023-11-01 14:30:00,793589.81164,-344747.49213,10.0,21.51914,82.02513
2023-11-01 15:00:00,793682.0745,-344759.08578,10.0,21.52087,82.02431
2023-11-01 15:30:00,793759.80047,-344754.97325,10.0,21.52317,82.02367
2023-11-01 16:00:00,793820.40123,-344741.11192,10.0,21.52561,82.02321
2023-11-01 16:30:00,793857.86147,-344717.69166,10.0,21.52802,82.02298
2023-11-01 17:00:00,793882.45233,-344682.91773,10.0,21.53078,82.0229
2023-11-01 17:30:00,793894.17224,-344636.79184,10.0,21.53389,82.02297
2023-11-01 18:00:00,793898.2395,-344575.4894,10.0,21.53772,82.02316
2023-11-01 18:30:00,793903.15641,-344517.68713,10.0,21.54136,82.02333
2023-11-01 19:00:00,793909.95649,-344452.80141,10.0,21.54548,82.02351
2023-11-01 19:30:00,793922.52492,-344388.28067,10.0,21.54973,82.02364
2023-11-01 20:00:00,793947.15305,-344326.02902,10.0,21.55416,82.02366
2023-11-01 20:30:00,793981.97872,-344270.33954,10.0,21.55846,82.02357
2023-11-01 21:00:00,794033.45243,-344225.48741,10.0,21.56254,82.0233
2023-11-01 21:30:00,794100.93824,-344190.205,10.0,21.56646,82.02286
2023-11-01 22:00:00,794188.25215,-344166.63622,10.0,21.57019,82.02221
2023-11-01 22:30:00,794287.37727,-344162.33531,10.0,21.57306,82.02139
2023-11-01 23:00:00,794402.13684,-344171.22036,10.0,21.57554,82.02039
2023-11-01 23:30:00,794528.91247,-344196.17029,10.0,21.57736,82.01923
2023-11-02 00:00:00,794660.47309,-344234.71456,10.0,21.57848,82.01798
2023-11-02 00:30:00,794793.896,-344290.86384,10.0,21.57858,82.01665
2023-11-02 01:00:00,794926.43662,-344368.2161,10.0,21.57737,82.01525
2023-11-02 01:30:00,795056.25924,-344460.05473,10.0,21.57521,82.01382
2023-11-02 02:00:00,795169.62212,-344556.46843,10.5,21.57234,82.01251
2023-11-02 02:30:00,795277.13555,-344672.96903,10.0,21.5681,82.01118
2023-11-02 03:00:00,795362.95774,-344797.8903,10.0,21.56278,82.01
2023-11-02 03:30:00,795437.88602,-344926.03061,10.0,21.55698,82.0089
2023-11-02 04:00:00,795495.13496,-345051.14784,10.0,21.5509,82.00796
2023-11-02 04:30:00,795534.30889,-345171.41605,10.0,21.54464,82.00719
2023-11-02 05:00:00,795565.0834,-345286.40866,10.0,21.53848,82.00651
2023-11-02 05:30:00,795588.57189,-345390.82922,10.0,21.53277,82.00593
2023-11-02 06:00:00,795604.08801,-345488.99575,10.0,21.52723,82.00544
2023-11-02 06:30:00,795608.81996,-345579.18811,10.0,21.52189,82.00507
2023-11-02 07:00:00,795619.45989,-345661.22574,10.0,21.5172,82.00468
2023-11-02 07:30:00,795633.80536,-345737.45232,10.0,21.51296,82.00428
2023-11-02 08:00:00,795651.39334,-345812.92422,10.5,21.50885,82.00386
2023-11-02 08:30:00,795675.99039,-345888.85787,10.0,21.5049,82.00337
2023-11-02 09:00:00,795710.90942,-345969.59293,10.0,21.50093,82.00278
2023-11-02 09:30:00,795757.13349,-346057.07065,10.0,21.49685,82.00207
2023-11-02 10:00:00,795812.18163,-346151.53681,10.0,21.49258,82.00126
2023-11-02 10:30:00,795878.53144,-346252.75133,10.0,21.4882,82.00033
2023-11-02 11:00:00,795959.96092,-346360.21417,10.0,21.48384,81.99925
2023-11-02 11:30:00,796042.34666,-346470.92205,10.0,21.47931,81.99815
2023-11-02 12:00:00,796140.2016,-346600.61615,10.0,21.47404,81.99685
2023-11-02 12:30:00,796229.60354,-346725.16981,10.0,21.46886,81.99564
2023-11-02 13:00:00,796315.26764,-346855.56218,10.0,21.46323,81.99444
2023-11-02 13:30:00,796393.50267,-346989.36107,10.0,21.4572,81.99329
2023-11-02 14:00:00,796465.51819,-347123.78636,10.0,21.45097,81.99219
2023-11-02 14:30:00,796524.72133,-347257.61764,10.0,21.44444,81.9912
2023-11-02 15:00:00,796571.63526,-347381.48324,10.0,21.43819,81.99035
2023-11-02 15:30:00,796613.44743,-347481.63152,10.0,21.43324,81.98963
2023-11-02 16:00:00,796647.89468,-347560.54091,10.0,21.42938,81.98905
2023-11-02 16:30:00,796670.17697,-347615.61314,10.0,21.42664,81.98866
2023-11-02 17:00:00,796684.4102,-347648.30725,10.0,21.42504,81.98842
2023-11-02 17:30:00,796695.99454,-347670.74279,10.0,21.42399,81.98824
2023-11-02 18:00:00,796694.56028,-347657.70225,10.0,21.42474,81.9883
2023-11-02 18:30:00,796698.10113,-347633.25973,10.0,21.42631,81.98836
2023-11-02 19:00:00,796710.08713,-347603.06755,10.0,21.42845,81.98837
2023-11-02 19:30:00,796717.5761,-347564.1274,10.0,21.431,81.98845
2023-11-02 20:00:00,796741.32762,-347519.72104,10.5,21.43431,81.98841
2023-11-02 20:30:00,796778.19973,-347476.86149,10.0,21.43787,81.98826
2023-11-02 21:00:00,796821.57639,-347445.46095,10.0,21.44091,81.98801
2023-11-02 21:30:00,796881.72492,-347427.32806,10.0,21.44359,81.98757
2023-11-02 22:00:00,796952.47314,-347425.72899,10.0,21.44555,81.98698
2023-11-02 22:30:00,797032.06898,-347439.23862,10.0,21.44683,81.98626
2023-11-02 23:00:00,797119.81787,-347466.72842,10.0,21.44748,81.98542
2023-11-02 23:30:00,797217.07465,-347513.2624,10.0,21.44723,81.98443
2023-11-03 00:00:00,797316.21947,-347574.53098,10.0,21.44614,81.98337
2023-11-03 00:30:00,797421.6381,-347648.64276,10.0,21.44444,81.98221
2023-11-03 01:00:00,797532.78907,-347731.39133,10.0,21.44237,81.98097
2023-11-03 01:30:00,797638.71666,-347830.17112,10.5,21.4392,81.97972
2023-11-03 02:00:00,797742.96699,-347941.01629,10.0,21.43525,81.97843
2023-11-03 02:30:00,797838.07215,-348055.09304,10.0,21.43087,81.97721
2023-11-03 03:00:00,797920.8445,-348172.92848,10.0,21.42594,81.97608
2023-11-03 03:30:00,797999.24781,-348289.875,10.0,21.42095,81.97499
2023-11-03 04:00:00,798071.99235,-348400.72529,10.0,21.41618,81.97397
2023-11-03 04:30:00,798135.29704,-348505.98107,10.0,21.4115,81.97305
2023-11-03 05:00:00,798192.24041,-348609.47173,10.0,21.40676,81.97219
2023-11-03 05:30:00,798245.73044,-348709.97753,10.0,21.40211,81.97137
2023-11-03 06:00:00,798297.31328,-348806.67908,10.0,21.39764,81.97058
2023-11-03 06:30:00,798349.457,-348904.80206,10.0,21.3931,81.96978
2023-11-03 07:00:00,798397.49485,-348996.00016,10.0,21.38887,81.96904
2023-11-03 07:30:00,798451.55195,-349095.15473,10.5,21.38432,81.96822
2023-11-03 08:00:00,798494.70674,-349183.91258,10.0,21.38011,81.96753
2023-11-03 08:30:00,798544.49364,-349287.37189,10.0,21.37519,81.96673
2023-11-03 09:00:00,798597.30636,-349405.62235,10.0,21.36946,81.96585
2023-11-03 09:30:00,798659.05838,-349533.28695,10.0,21.3634,81.96486
2023-11-03 10:00:00,798735.89081,-349669.90399,10.0,21.3572,81.96371
2023-11-03 10:30:00,798824.30085,-349812.61748,10.0,21.35094,81.96244
2023-11-03 11:00:00,798922.6569,-349967.86421,10.0,21.34419,81.96104
2023-11-03 11:30:00,799030.4067,-350128.76249,10.0,21.33735,81.95954
2023-11-03 12:00:00,799148.58734,-350292.94532,10.0,21.33059,81.95794
2023-11-03 12:30:00,799286.24849,-350466.87896,10.0,21.32376,81.95614
2023-11-03 13:00:00,799434.06612,-350650.14317,10.0,21.31664,81.95422
2023-11-03 13:30:00,799588.66112,-350839.59983,10.0,21.30933,81.95222
2023-11-03 14:00:00,799740.25981,-351022.30842,10.0,21.30235,81.95027
2023-11-03 14:30:00,799895.27474,-351199.9126,10.0,21.29577,81.94831
2023-11-03 15:00:00,800055.94789,-351372.72626,10.0,21.28963,81.94632
2023-11-03 15:30:00,800214.27905,-351542.72897,10.0,21.2836,81.94436
2023-11-03 16:00:00,800363.18332,-351674.6392,10.0,21.27961,81.94262
2023-11-03 16:30:00,800525.28339,-351790.0395,10.0,21.27696,81.94083
2023-11-03 17:00:00,800698.09652,-351899.99667,10.0,21.27492,81.93897
2023-11-03 17:30:00,800871.4503,-351995.19693,10.0,21.27378,81.93716
2023-11-03 18:00:00,801045.45894,-352072.67727,10.0,21.27372,81.93541
2023-11-03 18:30:00,801231.71547,-352138.52211,10.0,21.27468,81.9336
2023-11-03 19:00:00,801430.10063,-352193.00097,10.0,21.27664,81.93173
2023-11-03 19:30:00,801652.03506,-352245.29282,10.0,21.27935,81.92967
2023-11-03 20:00:00,801900.93457,-352297.64666,10.5,21.28276,81.92738
2023-11-03 20:30:00,802185.95571,-352355.96095,10.0,21.28677,81.92477
2023-11-03 21:00:00,802483.81462,-352422.13493,10.0,21.29064,81.92202
2023-11-03 21:30:00,802803.61267,-352497.89786,10.0,21.29451,81.91905
2023-11-03 22:00:00,803132.41829,-352596.45983,10.0,21.29725,81.91592
2023-11-03 22:30:00,803471.64271,-352714.61272,10.0,21.29909,81.91263
2023-11-03 23:00:00,803820.0624,-352844.57652,10.5,21.30046,81.90922
2023-11-03 23:30:00,804192.74762,-352989.15105,10.0,21.3016,81.90555
2023-11-04 00:00:00,804587.76588,-353150.81508,10.0,21.3023,81.90163
2023-11-04 00:30:00,805015.25984,-353330.5756,10.0,21.30277,81.89737
2023-11-04 01:00:00,805477.21218,-353526.6253,10.0,21.30317,81.89276
2023-11-04 01:30:00,805956.00851,-353735.76403,10.0,21.30323,81.88796
2023-11-04 02:00:00,806454.27326,-353962.84683,10.0,21.30273,81.88293
2023-11-04 02:30:00,806954.13593,-354205.25521,10.0,21.30136,81.87783
2023-11-04 03:00:00,807486.84777,-354473.03828,10.0,21.29934,81.87236
2023-11-04 03:30:00,808046.40645,-354758.20468,10.0,21.29699,81.8666
2023-11-04 04:00:00,808627.14613,-355062.82796,10.0,21.29404,81.86059
2023-11-04 04:30:00,809218.19271,-355406.25177,10.0,21.28906,81.85435
2023-11-04 05:00:00,809804.44342,-355790.35778,10.0,21.28155,81.848
2023-11-04 05:30:00,810365.91496,-356206.46725,10.0,21.27151,81.84174
2023-11-04 06:00:00,810898.13152,-356648.48197,10.0,21.25919,81.83563
2023-11-04 06:30:00,811383.42249,-357105.14998,10.0,21.2448,81.82986
2023-11-04 07:00:00,811794.85973,-357553.82739,10.0,21.22898,81.82474
2023-11-04 07:30:00,812148.2457,-357989.22823,10.5,21.21245,81.82016
2023-11-04 08:00:00,812462.94487,-358410.50766,10.0,21.19577,81.81595
2023-11-04 08:30:00,812725.39028,-358794.55755,10.0,21.17994,81.81232
2023-11-04 09:00:00,812954.99575,-359147.71853,10.0,21.16509,81.80908
2023-11-04 09:30:00,813142.41659,-359458.84787,10.0,21.15163,81.80635
2023-11-04 10:00:00,813303.91586,-359720.81615,10.0,21.1404,81.80402
2023-11-04 10:30:00,813450.23784,-359920.15178,10.0,21.13247,81.80205
2023-11-04 11:00:00,813598.87204,-360073.87623,10.0,21.12729,81.80023
2023-11-04 11:30:00,813753.01725,-360182.85975,10.0,21.12489,81.79853
2023-11-04 12:00:00,813915.33033,-360257.25095,10.0,21.12474,81.79689
2023-11-04 12:30:00,814093.17635,-360296.54822,10.0,21.12706,81.79525
2023-11-04 13:00:00,814309.88698,-360312.57951,10.0,21.13176,81.79337
2023-11-04 13:30:00,814544.98879,-360313.932,10.0,21.1378,81.79139
2023-11-04 14:00:00,814809.64461,-360315.72273,10.0,21.14458,81.78916
2023-11-04 14:30:00,815083.14821,-360321.70206,10.0,21.15134,81.78684
2023-11-04 15:00:00,815377.38699,-360337.28997,10.0,21.15807,81.78431
2023-11-04 15:30:00,815672.3209,-360402.45802,10.5,21.1619,81.78159
2023-11-04 16:00:00,815965.33725,-360482.73514,10.0,21.16479,81.77883
2023-11-04 16:30:00,816244.32345,-360581.2992,10.0,21.16624,81.77612
2023-11-04 17:00:00,816497.18477,-360695.89772,10.0,21.16607,81.77357
2023-11-04 17:30:00,816724.2381,-360823.11855,10.0,21.16449,81.77119
2023-11-04 18:00:00,816908.31298,-360955.84518,10.5,21.16147,81.76915
2023-11-04 18:30:00,817057.9162,-361102.2909,10.0,21.15676,81.76735
2023-11-04 19:00:00,817150.96224,-361247.23822,10.0,21.15067,81.76603
2023-11-04 19:30:00,817205.35459,-361385.35721,10.0,21.14398,81.76506
2023-11-04 20:00:00,817222.3134,-361497.73478,10.0,21.13783,81.7645
2023-11-04 20:30:00,817220.13993,-361580.68271,10.0,21.13291,81.76421
2023-11-04 21:00:00,817221.15181,-361637.58529,10.0,21.1296,81.76399
2023-11-04 21:30:00,817218.09891,-361660.62499,10.0,21.12817,81.76393
2023-11-04 22:00:00,817228.62715,-361661.90202,10.5,21.12837,81.76384
2023-11-04 22:30:00,817246.00596,-361643.29618,10.0,21.12991,81.76376
2023-11-04 23:00:00,817289.89881,-361622.12296,10.0,21.13229,81.76347
2023-11-04 23:30:00,817368.21708,-361601.16625,10.0,21.13555,81.76289
2023-11-05 00:00:00,817477.35072,-361591.27333,10.0,21.13896,81.76201
2023-11-05 00:30:00,817616.53068,-361596.87402,10.0,21.14224,81.76082
2023-11-05 01:00:00,817780.1074,-361625.3618,10.0,21.14481,81.75934
2023-11-05 01:30:00,817963.71427,-361665.07951,9.5,21.14724,81.75765
2023-11-05 02:00:00,818157.21138,-361722.80916,10.0,21.14887,81.75581
2023-11-05 02:30:00,818362.84097,-361798.86672,10.0,21.14974,81.7538
2023-11-05 03:00:00,818588.28014,-361892.04336,10.0,21.15012,81.75156
2023-11-05 03:30:00,818846.91101,-361996.30224,10.0,21.15071,81.749
2023-11-05 04:00:00,819139.30663,-362131.88825,10.0,21.15034,81.74604
2023-11-05 04:30:00,819438.38546,-362298.13123,10.0,21.14835,81.74291
2023-11-05 05:00:00,819743.35702,-362499.50472,10.0,21.14446,81.7396
2023-11-05 05:30:00,820027.02374,-362740.96339,10.0,21.13768,81.73632
2023-11-05 06:00:00,820284.47968,-363015.58008,15.0,21.12829,81.73314
2023-11-05 06:30:00,820507.56836,-363309.57249,10.0,21.11689,81.73017
2023-11-05 07:00:00,820692.72678,-363617.38232,10.0,21.10371,81.72747
2023-11-05 07:30:00,820832.51551,-363944.1391,10.0,21.08826,81.72508
2023-11-06 14:30:00,825610.43408,-372969.62949,10.0,20.68892,81.65116
2023-11-06 15:00:00,825774.10316,-372990.81289,10.0,20.69196,81.64971
2023-11-06 15:30:00,825941.551,-373014.20514,10.0,20.69497,81.64822
2023-11-06 16:00:00,826113.6714,-373045.7641,10.0,20.69763,81.64666
2023-11-06 16:30:00,826268.30693,-373076.35556,10.0,20.69989,81.64525
2023-11-06 17:00:00,826409.85021,-373101.54385,10.0,20.70212,81.64397
2023-11-06 17:30:00,826552.71777,-373115.85663,10.0,20.70501,81.64272
2023-11-06 18:00:00,826723.54397,-373126.44723,10.0,20.70884,81.64125
2023-11-06 18:30:00,826864.26307,-373111.09576,10.0,20.71338,81.64013
2023-11-06 19:00:00,827003.84833,-373086.07359,10.5,20.71845,81.63906
2023-11-06 19:30:00,827164.10456,-373034.25136,10.0,20.72559,81.63791
2023-11-06 20:00:00,827350.83788,-372956.52401,10.0,20.73491,81.63664
2023-11-06 20:30:00,827563.3089,-372848.12105,10.0,20.74666,81.63527
2023-11-06 21:00:00,827811.5822,-372715.80478,10.0,20.76071,81.63369
2023-11-06 21:30:00,828085.91421,-372554.62907,10.0,20.77709,81.632
2023-11-06 22:00:00,828388.99063,-372363.85355,10.0,20.79591,81.63018
2023-11-06 22:30:00,828708.5355,-372173.37903,10.0,20.81513,81.62822
2023-11-06 23:00:00,829049.31007,-371975.23824,10.0,20.83533,81.62611
2023-11-06 23:30:00,829403.18008,-371784.87608,10.0,20.85541,81.62386
2023-11-07 00:00:00,829772.31658,-371592.12152,10.0,20.87601,81.62149
2023-11-07 00:30:00,830160.09041,-371421.41324,10.0,20.89581,81.61888
2023-11-07 01:00:00,830566.79665,-371250.77801,10.0,20.91608,81.61611
2023-11-07 01:30:00,830992.18645,-371096.77632,10.0,20.93586,81.61312
2023-11-07 02:00:00,831421.85791,-370956.96648,10.0,20.95492,81.61004
2023-11-07 02:30:00,831861.15114,-370822.07164,10.0,20.97393,81.60686
2023-11-07 03:00:00,832305.20215,-370708.3672,10.0,20.99183,81.60356
2023-11-07 03:30:00,832745.14953,-370606.3468,10.0,21.00894,81.60025
2023-11-07 04:00:00,833174.18403,-370520.37866,10.5,21.02484,81.59697
2023-11-07 04:30:00,833613.6421,-370440.78494,10.0,21.04062,81.59358
2023-11-07 05:00:00,834034.00126,-370376.95144,10.0,21.055,81.59029
2023-11-07 05:30:00,834438.58658,-370318.99507,10.0,21.06863,81.58711
2023-11-07 06:00:00,834827.59055,-370266.50235,10.0,21.08154,81.58404
2023-11-07 06:30:00,835195.42647,-370215.97305,10.0,21.09379,81.58114
2023-11-07 07:00:00,835556.50126,-370148.34462,10.0,21.10684,81.57836
2023-11-07 07:30:00,835922.32626,-370059.1122,10.0,21.12124,81.57562
2023-11-07 08:00:00,836298.83146,-369953.67195,10.0,21.13683,81.57285
2023-11-07 08:30:00,836696.29369,-369835.67018,10.0,21.15366,81.56995
2023-11-07 09:00:00,837104.26921,-369700.21111,15.0,21.17174,81.56703
2023-11-07 09:30:00,837536.89111,-369549.53224,10.0,21.19131,81.56395
2023-11-07 10:00:00,837988.41104,-369375.76901,10.0,21.21266,81.5608
2023-11-07 10:30:00,838438.79785,-369196.16086,10.0,21.2343,81.55768
2023-11-07 11:00:00,838900.55729,-369012.0134,10.0,21.25647,81.55448
2023-11-07 11:30:00,839375.52041,-368827.25573,10.0,21.27899,81.55117
2023-11-07 12:00:00,839850.14777,-368637.49581,10.0,21.30177,81.54788
2023-11-07 12:30:00,840345.31238,-368441.2164,10.0,21.32542,81.54444
2023-11-07 13:00:00,840874.53618,-368261.7893,10.0,21.34894,81.54065
2023-11-07 13:30:00,841398.36699,-368105.1768,10.0,21.371,81.53682
2023-11-07 14:00:00,841938.27737,-367968.54207,9.5,21.3923,81.53278
2023-11-07 14:30:00,842484.2858,-367831.23662,10.0,21.41377,81.52869
2023-11-07 15:00:00,843009.07033,-367717.75886,10.0,21.43333,81.52469
2023-11-07 15:30:00,843482.30599,-367640.52714,10.0,21.44952,81.52099
2023-11-07 16:00:00,843899.71289,-367576.75696,10.0,21.46354,81.51771
2023-11-07 16:30:00,844258.49206,-367511.11358,10.0,21.4762,81.51493
2023-11-07 17:00:00,844590.31281,-367409.05336,10.0,21.49026,81.51251
2023-11-07 17:30:00,844898.90822,-367297.45685,10.0,21.50428,81.51032
2023-11-07 18:00:00,845157.4575,-367161.53653,10.0,21.51844,81.50864
2023-11-07 18:30:00,845359.60144,-367015.93496,10.0,21.53175,81.50747
2023-11-07 19:00:00,845562.37689,-366874.22542,10.0,21.54485,81.50628
2023-11-07 19:30:00,845759.7881,-366720.12943,10.0,21.55852,81.50518
2023-11-07 20:00:00,845945.07047,-366566.50265,10.0,21.57186,81.50418
2023-11-07 20:30:00,846111.08415,-366405.17786,10.0,21.58516,81.50337
2023-11-07 21:00:00,846258.73591,-366239.54455,10.0,21.59825,81.50273
2023-11-07 21:30:00,846396.61644,-366068.94902,10.0,21.61138,81.50219
2023-11-07 22:00:00,846546.481,-365900.69832,10.0,21.62467,81.50154
2023-11-07 22:30:00,846718.50056,-365724.97258,10.0,21.63893,81.50073
2023-11-07 23:00:00,846899.42,-365553.21587,10.0,21.65318,81.49983
2023-11-07 23:30:00,847062.63385,-365397.6163,10.0,21.66607,81.49902
2023-11-08 00:00:00,847212.42835,-365246.99158,10.5,21.67834,81.4983
2023-11-08 00:30:00,847368.84181,-365097.21495,10.0,21.69073,81.49753
2023-11-08 01:00:00,847517.75111,-364949.71001,10.0,21.7028,81.49681
2023-11-08 01:30:00,847663.57974,-364809.25995,10.0,21.71439,81.49609
2023-11-08 02:00:00,847807.9958,-364680.26674,10.0,21.72529,81.49534
2023-11-08 02:30:00,847951.49612,-364564.34801,10.0,21.73542,81.49455
2023-11-08 03:00:00,848087.04805,-364464.09415,10.0,21.74446,81.49377
2023-11-08 03:30:00,848227.98703,-364373.31502,10.0,21.75309,81.49291
2023-11-08 04:00:00,848375.22334,-364287.13827,10.0,21.76161,81.49198
2023-11-08 04:30:00,848538.44839,-364210.59751,9.5,21.76997,81.49088
2023-11-08 05:00:00,848708.92914,-364136.43016,10.0,21.77837,81.48971
2023-11-08 05:30:00,848870.49426,-364063.66069,10.0,21.78647,81.48861
2023-11-08 06:00:00,849025.31906,-363984.45635,10.0,21.79477,81.48759
2023-11-08 06:30:00,849173.89406,-363900.4336,10.0,21.80319,81.48664
2023-11-08 07:00:00,849320.34465,-363801.95939,10.0,21.81238,81.48576
2023-11-08 07:30:00,849470.86262,-363691.15815,9.5,21.82237,81.48489
2023-11-08 08:00:00,849634.6585,-363568.6341,10.0,21.83335,81.48395
2023-11-08 08:30:00,849818.67344,-363437.52063,10.0,21.84531,81.48287
2023-11-08 09:00:00,850022.75144,-363303.6997,10.0,21.85791,81.48163
2023-11-08 09:30:00,850223.94677,-363165.42447,10.0,21.87069,81.48043
2023-11-08 10:00:00,850416.47175,-363034.04382,10.5,21.88286,81.47928
2023-11-08 10:30:00,850608.52395,-362905.30063,10.0,21.89487,81.47812
2023-11-08 11:00:00,850793.2061,-362788.75583,10.0,21.906,81.47698
2023-11-08 11:30:00,850968.31937,-362677.90846,10.0,21.91657,81.4759
2023-11-08 12:00:00,851137.72554,-362580.37856,10.0,21.92624,81.47482
2023-11-08 12:30:00,851298.99263,-362493.55693,10.0,21.9351,81.47377
2023-11-08 13:00:00,851446.20785,-362423.00808,10.0,21.94269,81.47278
2023-11-08 13:30:00,851581.72471,-362360.44044,10.0,21.94954,81.47186
2023-11-08 14:00:00,851714.16522,-362316.1999,10.0,21.95527,81.4709
2023-11-08 14:30:00,851831.10167,-362274.99903,10.0,21.96045,81.47006
2023-11-08 15:00:00,851934.96214,-362242.26627,10.0,21.96483,81.4693
2023-11-08 15:30:00,852031.46309,-362215.69703,10.0,21.96868,81.46858
2023-11-08 16:00:00,852113.37039,-362190.43826,10.5,21.9721,81.46798
2023-11-08 16:30:00,852196.30207,-362161.96988,10.0,21.97573,81.46738
2023-11-08 17:00:00,852285.70622,-362138.14881,10.0,21.97925,81.46671
2023-11-08 17:30:00,852388.16794,-362111.43551,10.0,21.98325,81.46594
2023-11-08 18:00:00,852491.58681,-362079.67154,10.0,21.98756,81.46518
2023-11-08 18:30:00,852602.43629,-362038.75463,10.0,21.99257,81.46439
2023-11-08 19:00:00,852706.08677,-361992.48181,10.0,21.99771,81.46368
2023-11-08 19:30:00,852818.60187,-361939.24123,10.0,22.00346,81.46292
2023-11-08 20:00:00,852933.59419,-361874.56161,10.0,22.00992,81.46218
2023-11-08 20:30:00,853052.04818,-361804.47941,10.0,22.01677,81.46143
2023-11-08 21:00:00,853184.19362,-361727.18094,10.0,22.02436,81.46059
2023-11-08 21:30:00,853321.29854,-361646.51187,10.0,22.03226,81.45972
2023-11-08 22:00:00,853464.85603,-361567.31818,10.0,22.04023,81.45879
2023-11-08 22:30:00,853601.49445,-361493.246,10.0,22.04774,81.4579
2023-11-08 23:00:00,853732.1675,-361419.25648,10.0,22.0551,81.45706
2023-11-08 23:30:00,853856.99493,-361347.86338,10.0,22.06217,81.45626
2023-11-09 00:00:00,853981.42775,-361282.9575,10.0,22.06886,81.45544
2023-11-09 00:30:00,854095.48299,-361228.57724,10.0,22.0747,81.45467
2023-11-09 01:00:00,854185.69196,-361174.64002,10.0,22.07994,81.4541
2023-11-09 01:30:00,854275.26267,-361124.98997,10.0,22.08492,81.45352
2023-11-09 02:00:00,854368.70238,-361085.75062,10.0,22.0894,81.45287
2023-11-09 02:30:00,854461.25399,-361051.39674,10.0,22.09358,81.45221
2023-11-09 03:00:00,854554.86649,-361020.11617,10.0,22.09761,81.45153
2023-11-09 03:30:00,854643.24942,-361001.20484,10.0,22.10081,81.45085
2023-11-09 04:00:00,854717.81039,-360992.61932,10.0,22.10309,81.45025
2023-11-09 04:30:00,854777.79333,-360996.1544,10.0,22.10433,81.44973
2023-11-09 05:00:00,854834.88336,-361003.73929,10.0,22.10527,81.44922
2023-11-09 05:30:00,854887.77654,-361007.26433,10.5,22.10634,81.44876
2023-11-09 06:00:00,854946.53968,-361027.68357,10.0,22.10659,81.44819
2023-11-09 06:30:00,855002.98632,-361045.18982,10.0,22.10695,81.44765
2023-11-09 07:00:00,855063.81959,-361066.30607,10.0,22.10721,81.44706
2023-11-09 07:30:00,855135.63656,-361086.608,10.0,22.10778,81.44638
2023-11-09 08:00:00,855222.69796,-361110.00355,10.0,22.10854,81.44556
2023-11-09 08:30:00,855322.87675,-361133.13051,10.0,22.10963,81.44463
2023-11-09 09:00:00,855430.26407,-361161.58356,10.0,22.11059,81.44362
2023-11-09 09:30:00,855545.31179,-361188.69238,10.0,22.11181,81.44255
2023-11-09 10:00:00,855663.74416,-361218.9842,10.0,22.11293,81.44144
2023-11-09 10:30:00,855788.31359,-361257.14087,10.0,22.11375,81.44025
2023-11-09 11:00:00,855923.27415,-361309.88811,10.0,22.11399,81.43892
2023-11-09 11:30:00,856045.23168,-361368.23515,10.0,22.1136,81.43768
2023-11-09 12:00:00,856154.4997,-361431.43867,10.0,22.11263,81.43653
2023-11-09 12:30:00,856251.39192,-361498.75428,10.0,22.11113,81.43547
2023-11-09 13:00:00,856342.20455,-361560.86799,10.0,22.10978,81.43448
2023-11-09 13:30:00,856446.12125,-361628.34419,10.0,22.10844,81.43336
2023-11-09 14:00:00,856555.97199,-361706.96395,10.0,22.10661,81.43215
2023-11-09 14:30:00,856661.37052,-361782.12696,10.0,22.10487,81.43099
2023-11-09 15:00:00,856774.18185,-361853.73316,10.0,22.10351,81.42978
2023-11-09 15:30:00,856879.14624,-361924.32287,10.0,22.10202,81.42864
2023-11-09 16:00:00,856978.77541,-361993.54725,10.0,22.10048,81.42755
2023-11-09 16:30:00,857079.22312,-362060.83266,10.0,22.09907,81.42646
2023-11-09 17:00:00,857190.39603,-362130.71604,10.0,22.09777,81.42527
2023-11-09 17:30:00,857301.08717,-362170.95462,10.0,22.09814,81.42419
2023-11-09 18:00:00,857405.10495,-362196.20423,10.0,22.0992,81.42322
2023-11-09 18:30:00,857513.80225,-362210.37502,10.0,22.101,81.42225
2023-11-09 19:00:00,857646.8849,-362194.79814,10.0,22.10507,81.42118
2023-11-09 19:30:00,857798.49756,-362154.92196,10.0,22.11096,81.42004
2023-11-09 20:00:00,857970.29363,-362104.84343,10.5,22.11791,81.41877
2023-11-09 20:30:00,858147.5798,-362044.85683,10.0,22.12555,81.41748
2023-11-09 21:00:00,858330.91974,-361974.50881,10.0,22.13392,81.41618
2023-11-09 21:30:00,858527.68329,-361883.48106,10.0,22.14378,81.41484
2023-11-09 22:00:00,858738.50872,-361764.61562,10.0,22.15555,81.41348
2023-11-09 22:30:00,858986.7787,-361601.61824,10.5,22.17071,81.41196
2023-11-09 23:00:00,859300.13346,-361376.4145,10.0,22.19094,81.41011
2023-11-09 23:30:00,859660.11156,-361141.16543,10.0,22.21284,81.4079
2023-11-10 00:00:00,860036.80469,-360905.14004,10.0,22.23517,81.40555
2023-11-10 00:30:00,860412.4297,-360679.75025,10.0,22.25686,81.40317
2023-11-10 01:00:00,860793.58745,-360469.00176,10.0,22.27784,81.40069
2023-11-10 01:30:00,861172.93327,-360290.48329,10.0,22.29694,81.39811
2023-11-10 02:00:00,861546.97384,-360135.68706,10.0,22.31456,81.39549
2023-11-10 02:30:00,861900.45999,-359987.48641,10.0,22.33131,81.39302
2023-11-10 03:00:00,862255.50365,-359832.52055,10.0,22.34847,81.39056
2023-11-10 03:30:00,862605.94558,-359674.22491,10.0,22.3657,81.38815
2023-11-10 04:00:00,862954.7994,-359513.85933,10.0,22.383,81.38576
2023-11-10 04:30:00,863293.8353,-359354.18654,10.0,22.40002,81.38345
2023-11-10 05:00:00,863610.22439,-359183.51837,10.5,22.41712,81.38137
2023-11-10 05:30:00,863928.01384,-358995.07306,10.0,22.43525,81.37934
2023-11-10 06:00:00,864270.70376,-358797.53826,10.0,22.45447,81.37713
2023-11-10 06:30:00,864635.46471,-358592.00355,10.0,22.47465,81.37476
2023-11-10 07:00:00,865023.16365,-358373.4875,10.0,22.49609,81.37224
2023-11-10 07:30:00,865446.65762,-358133.6488,10.0,22.51956,81.36949
2023-11-10 08:00:00,865891.16058,-357871.08619,10.0,22.54479,81.36664
2023-11-10 08:30:00,866341.93761,-357604.26972,10.0,22.57039,81.36375
2023-11-10 09:00:00,866822.63463,-357318.68571,10.0,22.59773,81.36067
2023-11-10 09:30:00,867311.59615,-357026.77513,10.0,22.6256,81.35754
2023-11-10 10:00:00,867823.76994,-356726.51919,10.0,22.65446,81.35424
2023-11-10 10:30:00,868347.13322,-356429.93338,10.0,22.68335,81.35083
2023-11-10 11:00:00,868880.4757,-356145.7121,10.0,22.71175,81.34729
2023-11-10 11:30:00,869408.06559,-355880.69138,10.0,22.73891,81.34373
2023-11-10 12:00:00,869926.98687,-355650.71496,10.0,22.76387,81.34012
2023-11-10 12:30:00,870439.88876,-355440.77594,10.0,22.78754,81.33649
2023-11-10 13:00:00,870943.74404,-355246.8288,10.0,22.81008,81.33288
2023-11-10 13:30:00,871428.86473,-355066.72754,10.0,22.83139,81.32938
2023-11-10 14:00:00,871886.83221,-354900.98892,10.0,22.85125,81.32606
2023-11-10 14:30:00,872322.20755,-354744.24496,10.0,22.87007,81.3229
2023-11-10 15:00:00,872752.03439,-354586.42237,10.0,22.88881,81.31979
2023-11-10 15:30:00,873177.46373,-354430.48078,10.0,22.90733,81.31671
2023-11-10 16:00:00,873584.54371,-354271.52937,10.5,22.92559,81.3138
2023-11-10 16:30:00,873994.03286,-354086.42243,10.0,22.94536,81.31095
2023-11-10 17:00:00,874401.1014,-353893.76035,10.0,22.96549,81.30815
2023-11-10 17:30:00,874818.56338,-353689.61434,10.0,22.98649,81.3053
2023-11-10 18:00:00,875244.15194,-353482.464,10.0,23.00783,81.30239
2023-11-10 18:30:00,875668.81238,-353265.62148,10.0,23.02968,81.29952
2023-11-10 19:00:00,876118.59657,-353047.27068,10.0,23.05217,81.29644
2023-11-10 19:30:00,876585.55743,-352817.94959,10.0,23.07565,81.29325
2023-11-10 20:00:00,877078.82953,-352572.4042,10.0,23.10062,81.28989
2023-11-10 20:30:00,877588.85948,-352319.72585,10.0,23.12635,81.28641
2023-11-10 21:00:00,878106.7507,-352064.49566,10.0,23.15238,81.28287
2023-11-10 21:30:00,878636.016,-351824.29644,10.0,23.1778,81.27918
2023-11-10 22:00:00,879174.89584,-351591.82956,10.0,23.20298,81.27538
2023-11-10 22:30:00,879697.34059,-351373.59217,10.0,23.22697,81.27167
2023-11-10 23:00:00,880209.76418,-351156.51286,10.0,23.25065,81.26804
2023-11-10 23:30:00,880704.04085,-350940.40035,15.0,23.27385,81.26456
2023-11-11 00:00:00,881180.96406,-350723.28607,10.0,23.2967,81.26123
2023-11-11 00:30:00,881649.15706,-350515.93268,9.5,23.31879,81.25794
2023-11-11 01:00:00,882096.23945,-350320.03903,10.0,23.33975,81.25479
2023-11-11 01:30:00,882516.8045,-350125.65596,10.0,23.36002,81.25186
2023-11-11 02:00:00,882912.61596,-349907.66854,10.0,23.38105,81.24922
2023-11-11 02:30:00,883308.04563,-349687.34126,10.0,23.40219,81.24659
2023-11-11 03:00:00,883686.92031,-349461.13156,10.0,23.42328,81.24412
2023-11-11 03:30:00,884039.74084,-349235.2973,10.0,23.44376,81.24187
2023-11-11 04:00:00,884350.09731,-349021.77252,9.5,23.4626,81.23994
2023-11-11 04:30:00,884618.01665,-348817.59142,10.0,23.47997,81.23834
2023-11-11 05:00:00,884886.76322,-348625.93313,10.0,23.49665,81.23669
2023-11-11 05:30:00,885159.91322,-348431.79186,10.0,23.51356,81.23501
2023-11-11 06:00:00,885447.10943,-348213.61585,10.0,23.53212,81.23329
2023-11-11 06:30:00,885728.56517,-347968.07106,10.0,23.55208,81.23171
2023-11-11 07:00:00,886026.55852,-347694.98092,10.0,23.57394,81.23008
2023-11-11 07:30:00,886358.1304,-347389.57726,10.0,23.59834,81.22827
2023-11-11 08:00:00,886711.49789,-347081.81644,10.0,23.62334,81.22628
2023-11-11 08:30:00,887080.75789,-346780.77909,10.0,23.6483,81.22413
2023-11-11 09:00:00,887475.64969,-346476.49907,10.0,23.67399,81.22177
2023-11-11 09:30:00,887898.10624,-346163.97376,10.0,23.70073,81.2192
2023-11-11 10:00:00,888340.52731,-345859.65491,10.0,23.72743,81.21643
2023-11-11 10:30:00,888781.26097,-345586.164,10.0,23.75235,81.21357
2023-11-11 11:00:00,889204.34971,-345369.64882,10.0,23.77368,81.21067
2023-11-11 11:30:00,889611.1437,-345233.91611,9.5,23.79012,81.20764
2023-11-11 12:00:00,889988.03937,-345181.09408,10.0,23.80126,81.20459
2023-11-11 12:30:00,890296.90055,-345186.12644,10.0,23.80768,81.20193
2023-11-11 13:00:00,890525.52234,-345226.31633,10.0,23.81039,81.19984
2023-11-11 13:30:00,890672.82603,-345298.44138,10.0,23.80955,81.19834
2023-11-11 14:00:00,890734.34114,-345392.92873,10.0,23.8056,81.1975
2023-11-11 14:30:00,890715.9536,-345479.51109,10.0,23.80036,81.19737
2023-11-11 15:00:00,890628.17142,-345546.14787,10.0,23.79473,81.1979
2023-11-11 15:30:00,890497.89962,-345598.78617,10.0,23.78896,81.19884
2023-11-11 16:00:00,890310.19002,-345618.73354,10.0,23.78377,81.20038
2023-11-11 16:30:00,890069.97642,-345599.31131,10.0,23.77964,81.2025
2023-11-11 17:00:00,889779.36621,-345556.17049,10.0,23.77574,81.20513
2023-11-11 17:30:00,889471.22122,-345500.99532,10.0,23.77213,81.20795
2023-11-11 18:00:00,889129.80898,-345435.17594,10.0,23.76839,81.21109
2023-11-11 18:30:00,888811.42703,-345352.18972,10.0,23.76611,81.21409
2023-11-11 19:00:00,888541.54776,-345270.70954,10.5,23.7648,81.21667
2023-11-11 19:30:00,888303.53077,-345194.45946,10.0,23.76389,81.21896
2023-11-11 20:00:00,888093.39808,-345133.6759,10.0,23.76272,81.22096
2023-11-11 20:30:00,887928.3419,-345077.20152,10.0,23.76229,81.22256
2023-11-11 21:00:00,887796.60428,-345016.19473,10.0,23.76284,81.22389
2023-11-11 21:30:00,887715.64928,-344947.81913,10.0,23.76491,81.22481
2023-11-11 22:00:00,887672.73349,-344891.49375,10.5,23.76713,81.22536
2023-11-11 22:30:00,887636.8965,-344858.73171,10.0,23.76819,81.22578
2023-11-11 23:00:00,887606.48552,-344849.76945,10.0,23.76803,81.22607
2023-11-11 23:30:00,887576.93096,-344856.65148,10.0,23.767,81.2263
2023-11-12 00:00:00,887523.22096,-344886.5957,10.0,23.76415,81.22666
2023-11-12 00:30:00,887432.84359,-344944.71666,10.0,23.75892,81.22724
2023-11-12 01:00:00,887281.90171,-345065.38468,10.5,23.74886,81.22813
2023-11-12 01:30:00,887058.5556,-345260.88237,10.0,23.73302,81.22939
2023-11-12 02:00:00,886764.66858,-345496.20213,10.0,23.7134,81.23112
2023-11-12 02:30:00,886421.51021,-345767.60161,10.0,23.69067,81.23315
2023-11-12 03:00:00,886014.56683,-346064.16279,10.0,23.66512,81.23564
2023-11-12 03:30:00,885560.06527,-346389.08834,10.0,23.63692,81.23844
2023-11-12 04:00:00,885060.18677,-346730.66108,10.0,23.60677,81.24157
2023-11-12 04:30:00,884569.9679,-347008.11974,10.0,23.58041,81.24483
2023-11-12 05:00:00,884103.63108,-347200.38897,10.0,23.55934,81.24817
2023-11-12 05:30:00,883701.72804,-347290.92009,10.0,23.54539,81.2513
2023-11-12 06:00:00,883403.10938,-347273.42375,10.0,23.53978,81.25391
2023-11-12 06:30:00,883278.11234,-347168.57844,10.0,23.54291,81.25533
2023-11-12 07:00:00,883431.18876,-346924.9212,10.0,23.55998,81.25484
2023-11-12 07:30:00,883733.32058,-346527.74987,10.0,23.58896,81.25359
2023-11-12 08:00:00,884075.63025,-346099.00444,10.0,23.62059,81.2521
2023-11-12 08:30:00,884467.98419,-345691.04956,10.0,23.65214,81.25011
2023-11-12 09:00:00,884926.93628,-345315.41037,10.0,23.68332,81.24744
2023-11-12 09:30:00,885433.45084,-344999.96833,10.0,23.71214,81.24416
2023-11-12 10:00:00,885966.78731,-344750.12435,10.0,23.73784,81.24043
2023-11-12 10:30:00,886515.90596,-344585.45379,10.0,23.75908,81.23628
2023-11-12 11:00:00,887043.73869,-344505.33873,10.0,23.77509,81.23203
2023-11-12 11:30:00,887530.69367,-344485.18956,10.0,23.78683,81.22793
2023-11-12 12:00:00,887960.48837,-344533.96301,10.0,23.79345,81.22409
2023-11-12 12:30:00,888307.39533,-344624.68428,10.0,23.79591,81.22082
2023-11-12 13:00:00,888576.30101,-344729.72172,10.0,23.79587,81.21817
2023-11-12 13:30:00,888804.52124,-344819.15381,10.0,23.79582,81.21592
2023-11-12 14:00:00,889003.19465,-344866.38835,10.5,23.79749,81.21406
2023-11-12 14:30:00,889153.62487,-344877.10567,10.0,23.80016,81.21274
2023-11-12 15:00:00,889235.16653,-344841.6003,10.0,23.80392,81.21216
2023-11-12 15:30:00,889253.07448,-344756.24071,10.0,23.80909,81.21229
2023-11-12 16:00:00,889212.26021,-344611.35104,10.0,23.81632,81.21312
2023-11-12 16:30:00,889169.83751,-344452.47679,10.0,23.8243,81.21401
2023-11-12 17:00:00,889144.46841,-344273.6457,10.0,23.83377,81.21482
2023-11-12 17:30:00,889133.72851,-344087.12564,9.5,23.84399,81.21553
2023-11-12 18:00:00,889169.69316,-343915.66693,10.0,23.85438,81.21579
2023-11-12 18:30:00,889266.2962,-343765.51969,10.0,23.86489,81.21546
2023-11-12 19:00:00,889422.27992,-343594.59196,10.0,23.87785,81.21469
2023-11-12 19:30:00,889655.21914,-343399.63037,10.0,23.89382,81.21334
2023-11-12 20:00:00,889966.90969,-343196.96534,10.5,23.91192,81.21134
2023-11-12 20:30:00,890364.3442,-342980.75153,10.0,23.93262,81.20865
2023-11-12 21:00:00,890803.56731,-342792.01113,10.0,23.95267,81.20551
2023-11-12 21:30:00,891294.69278,-342671.35329,10.0,23.97001,81.2017
2023-11-12 22:00:00,891857.62782,-342673.39893,10.0,23.98201,81.19687
2023-11-12 22:30:00,892474.21241,-342787.85964,10.0,23.98886,81.19121
2023-11-12 23:00:00,893137.90268,-343034.90391,10.0,23.9893,81.18471
2023-11-12 23:30:00,893813.33686,-343378.99907,10.0,23.98457,81.17779
2023-11-13 00:00:00,894484.74799,-343812.5237,10.0,23.97477,81.17061
2023-11-13 00:30:00,895115.05903,-344316.43193,10.0,23.96018,81.16355
2023-11-13 01:00:00,895685.00955,-344882.96507,10.0,23.94083,81.1568
2023-11-13 01:30:00,896165.10126,-345503.60521,10.0,23.91657,81.15064
2023-11-13 02:00:00,896543.96556,-346156.07972,10.0,23.8884,81.14524
2023-11-13 02:30:00,896833.24132,-346813.03924,10.0,23.85809,81.14059
2023-11-13 03:00:00,897029.65372,-347452.61107,10.0,23.82678,81.13679
2023-11-13 03:30:00,897134.75539,-348046.61436,10.0,23.79606,81.13392
2023-11-13 04:00:00,897167.48742,-348594.47374,10.0,23.76636,81.13182
2023-11-13 04:30:00,897136.13045,-349059.95575,10.0,23.73986,81.13054
2023-11-13 05:00:00,897044.92493,-349453.3898,10.0,23.71607,81.13001
2023-11-13 05:30:00,896921.84159,-349754.18527,10.0,23.69673,81.13006
2023-11-13 06:00:00,896789.81534,-349966.71617,10.0,23.68209,81.13048
2023-11-13 06:30:00,896678.10817,-350094.0901,10.0,23.67261,81.13101
2023-11-13 07:00:00,896608.66935,-350152.10323,9.5,23.66789,81.13141
2023-11-13 07:30:00,896593.12959,-350155.95384,10.0,23.66734,81.13153
2023-11-13 08:00:00,896649.97811,-350115.21,10.0,23.67083,81.13118
2023-11-13 08:30:00,896786.94313,-350051.98824,10.0,23.6773,81.13022
2023-11-13 09:00:00,897006.54713,-349980.76016,10.0,23.686,81.12858
2023-11-13 09:30:00,897317.0835,-349898.20584,10.0,23.69729,81.1262
2023-11-13 10:00:00,897705.71784,-349818.90786,10.5,23.71008,81.12314
2023-11-13 10:30:00,898200.38597,-349780.01746,10.0,23.72291,81.11904
2023-11-13 11:00:00,898748.17394,-349790.4852,10.0,23.73414,81.11432
2023-11-13 11:30:00,899328.78579,-349863.74273,10.0,23.74259,81.10911
2023-11-13 12:00:00,899926.71307,-350006.66046,10.0,23.74755,81.10352
2023-11-13 12:30:00,900517.36547,-350204.35495,10.0,23.74932,81.09781
2023-11-13 13:00:00,901078.52839,-350435.80385,10.0,23.74859,81.09224
2023-11-13 13:30:00,901604.0564,-350686.74434,10.0,23.74602,81.08691
2023-11-13 14:00:00,902076.09576,-350960.98184,10.0,23.74102,81.08196
2023-11-13 14:30:00,902475.71668,-351247.03915,10.0,23.73382,81.07759
2023-11-13 15:00:00,902781.70374,-351515.27679,10.0,23.7256,81.07408
2023-11-13 15:30:00,902988.5122,-351755.88969,10.0,23.71678,81.07151
2023-11-13 16:00:00,903113.96584,-351945.67709,10.5,23.70902,81.0698
2023-11-13 16:30:00,903198.22888,-352075.99204,10.0,23.70365,81.06865
2023-11-13 17:00:00,903254.05221,-352142.79072,10.0,23.70117,81.06795
2023-11-13 17:30:00,903276.29744,-352160.72555,10.0,23.70066,81.0677
2023-11-13 18:00:00,903280.96194,-352130.76181,10.0,23.70241,81.06776
2023-11-13 18:30:00,903308.46045,-352057.21432,10.0,23.70705,81.06777
2023-11-13 19:00:00,903374.25731,-351945.38021,10.5,23.71462,81.06758
2023-11-13 19:30:00,903483.82115,-351805.18479,10.0,23.72469,81.06711
2023-11-13 20:00:00,903645.60896,-351647.88486,10.0,23.73682,81.06625
2023-11-13 20:30:00,903877.33461,-351475.97016,10.0,23.75125,81.06484
2023-11-13 21:00:00,904164.0097,-351309.88512,10.0,23.76653,81.06294
2023-11-13 21:30:00,904508.05995,-351161.41539,10.0,23.78206,81.06049
2023-11-13 22:00:00,904934.65328,-351040.99489,10.0,23.7978,81.05724
2023-11-13 22:30:00,905411.23435,-350966.27901,15.0,23.81208,81.05341
2023-11-13 23:00:00,905945.34283,-350941.99044,10.0,23.8248,81.04892
2023-11-13 23:30:00,906503.42304,-350982.41914,10.0,23.83446,81.04401
2023-11-14 00:00:00,907065.9709,-351089.73076,10.0,23.84053,81.03884
2023-11-14 00:30:00,907605.97997,-351264.32329,10.0,23.84242,81.03364
2023-11-14 01:00:00,908109.95617,-351501.83519,10.0,23.84009,81.02854
2023-11-14 01:30:00,908529.86337,-351775.40936,10.0,23.834,81.02404
2023-11-14 02:00:00,908873.58989,-352076.68957,10.0,23.82478,81.0201
2023-11-14 02:30:00,909143.15533,-352397.37672,10.0,23.81293,81.01673
2023-11-14 03:00:00,909347.67122,-352722.94158,10.0,23.79944,81.0139
2023-11-14 03:30:00,909483.98659,-353043.37741,10.0,23.78479,81.01167
2023-11-14 04:00:00,909554.70257,-353336.90571,10.5,23.77023,81.01009
2023-11-14 04:30:00,909560.63864,-353592.37763,10.0,23.75637,81.00919
2023-11-14 05:00:00,909516.05469,-353785.20206,10.0,23.74487,81.00893
2023-11-14 05:30:00,909439.02913,-353914.05403,10.0,23.73618,81.00916
2023-11-14 06:00:00,909346.99202,-353973.26879,10.0,23.73098,81.00975
2023-11-14 06:30:00,909258.61845,-353984.00639,10.0,23.72851,81.01047
2023-11-14 07:00:00,909197.69869,-353954.25942,10.0,23.72884,81.01109
2023-11-14 07:30:00,909170.36104,-353904.33053,10.0,23.73099,81.01149
2023-11-14 08:00:00,909189.9611,-353835.94738,10.0,23.73515,81.01155
2023-11-14 08:30:00,909281.03794,-353743.11791,10.0,23.74217,81.01108
2023-11-14 09:00:00,909442.19399,-353632.39401,10.0,23.75166,81.01007
2023-11-14 09:30:00,909693.79683,-353517.49195,10.0,23.7633,81.0083
2023-11-14 10:00:00,910024.09065,-353398.52143,10.0,23.77683,81.00587
2023-11-14 10:30:00,910427.72428,-353277.16259,10.0,23.79204,81.00282
2023-11-14 11:00:00,910897.56515,-353147.63508,10.0,23.80909,80.99923
2023-11-14 11:30:00,911444.39733,-353018.22659,10.0,23.82775,80.99498
2023-11-14 12:00:00,912048.17524,-352914.73486,10.5,23.84618,80.99016
2023-11-14 12:30:00,912719.64694,-352832.84574,10.0,23.86484,80.98468
2023-11-14 13:00:00,913383.55087,-352774.54291,10.0,23.88203,80.97919
2023-11-14 13:30:00,914041.35152,-352737.87728,10.0,23.89789,80.97368
2023-11-14 14:00:00,914661.59342,-352710.57856,10.0,23.91243,80.96846
2023-11-14 14:30:00,915237.30604,-352692.59699,10.0,23.92551,80.96359
2023-11-14 15:00:00,915756.79894,-352674.91342,10.0,23.93738,80.9592
2023-11-14 15:30:00,916219.78512,-352661.34035,10.0,23.94783,80.95528
2023-11-14 16:00:00,916624.24975,-352648.04445,10.0,23.95703,80.95186
2023-11-14 16:30:00,916964.05145,-352635.84126,10.0,23.96481,80.94899
2023-11-14 17:00:00,917242.29487,-352625.79169,10.0,23.97118,80.94664
2023-11-14 17:30:00,917470.5795,-352596.84882,10.0,23.97753,80.94478
2023-11-14 18:00:00,917672.32531,-352554.90489,10.0,23.98403,80.94319
2023-11-14 18:30:00,917849.25081,-352495.48214,10.0,23.99096,80.94187
2023-11-14 19:00:00,918039.72276,-352418.97782,10.0,23.9991,80.94049
2023-11-14 19:30:00,918254.27532,-352322.25014,10.0,24.00884,80.93897
2023-11-14 20:00:00,918505.01189,-352201.09077,10.0,24.02066,80.93722
2023-11-14 20:30:00,918797.03252,-352048.21985,10.0,24.03506,80.93522
2023-11-14 21:00:00,919143.96774,-351876.711,10.0,24.05161,80.93281
2023-11-14 21:30:00,919548.28814,-351692.21917,9.5,24.07005,80.92995
2023-11-14 22:00:00,920033.18741,-351501.12973,10.0,24.09051,80.92642
2023-11-14 22:30:00,920614.97837,-351315.61498,10.0,24.11266,80.92204
2023-11-14 23:00:00,921248.3582,-351147.34352,10.0,24.13492,80.91716
2023-11-14 23:30:00,921923.89954,-351014.94688,10.0,24.15608,80.9118
2023-11-15 00:00:00,922625.69869,-350935.56958,10.5,24.17488,80.90604
2023-11-15 00:30:00,923358.57939,-350888.0449,10.0,24.19257,80.89991
2023-11-15 01:00:00,924071.88362,-350888.55409,10.0,24.20723,80.89379
2023-11-15 01:30:00,924762.89841,-350913.84544,10.0,24.22007,80.88778
2023-11-15 02:00:00,925446.05203,-350962.81515,10.0,24.23145,80.88176
2023-11-15 02:30:00,926083.94972,-351035.76079,10.0,24.24059,80.87605
2023-11-15 03:00:00,926661.53136,-351116.44804,10.5,24.24806,80.87083
2023-11-15 03:30:00,927201.40668,-351199.51073,10.0,24.25463,80.86593
2023-11-15 04:00:00,927689.56142,-351270.73841,10.0,24.26077,80.86151
2023-11-15 04:30:00,928116.69933,-351327.64857,10.0,24.26643,80.85766
2023-11-15 05:00:00,928483.4258,-351344.00951,15.0,24.27304,80.85446
2023-11-15 05:30:00,928802.50177,-351316.8732,10.0,24.28102,80.85181
2023-11-15 06:00:00,929076.08659,-351262.07253,10.0,24.28956,80.84964
2023-11-15 06:30:00,929301.3399,-351171.6936,10.0,24.29903,80.848
2023-11-15 07:00:00,929505.17339,-351039.23853,10.0,24.31033,80.84668
2023-11-15 07:30:00,929719.50614,-350872.68261,10.0,24.32368,80.84538
2023-11-15 08:00:00,929959.25073,-350669.47753,10.0,24.33952,80.84398
2023-11-15 08:30:00,930225.93954,-350459.46245,10.0,24.35627,80.84237
2023-11-15 09:00:00,930542.04196,-350226.21839,10.0,24.37527,80.84041
2023-11-15 09:30:00,930924.7955,-349960.95224,10.0,24.39734,80.83798
2023-11-15 10:00:00,931391.8479,-349666.10042,10.0,24.4227,80.83492
2023-11-15 10:30:00,931923.79992,-349355.93676,10.0,24.45018,80.83135
2023-11-15 11:00:00,932526.31447,-349040.05725,10.0,24.47937,80.82719
2023-11-15 11:30:00,933194.86095,-348724.231,10.0,24.50986,80.82246
2023-11-15 12:00:00,933907.26336,-348421.02416,10.0,24.54052,80.81731
2023-11-15 12:30:00,934656.58354,-348158.41952,10.0,24.5697,80.81171
2023-11-15 13:00:00,935448.55534,-347927.36926,10.0,24.598,80.80564
2023-11-15 13:30:00,936248.98164,-347726.09534,10.0,24.62483,80.7994
2023-11-15 14:00:00,937042.14388,-347552.32196,10.5,24.65,80.79313
2023-11-15 14:30:00,937830.57852,-347433.32086,10.0,24.6721,80.78673
2023-11-15 15:00:00,938564.6122,-347381.51464,10.0,24.68948,80.78058
2023-11-15 15:30:00,939236.01126,-347363.6949,10.0,24.70377,80.77486
2023-11-15 16:00:00,939843.31019,-347383.93956,10.0,24.71473,80.76957
2023-11-15 16:30:00,940361.58296,-347437.46528,10.0,24.72213,80.76494
2023-11-15 17:00:00,940770.19376,-347533.01361,10.0,24.7251,80.76112
2023-11-15 17:30:00,941072.54135,-347629.95857,10.0,24.72589,80.75821
2023-11-15 18:00:00,941291.64837,-347716.31061,10.0,24.7256,80.75605
2023-11-15 18:30:00,941457.38266,-347789.85814,10.0,24.72494,80.75439
2023-11-15 19:00:00,941551.65073,-347839.80979,10.0,24.72413,80.75342
2023-11-15 19:30:00,941568.26682,-347860.88944,10.0,24.72333,80.75321
2023-11-15 20:00:00,941565.96931,-347863.96269,10.0,24.72312,80.75322
2023-11-15 20:30:00,941555.94544,-347853.34913,10.0,24.72349,80.75334
2023-11-15 21:00:00,941546.16068,-347823.21448,10.0,24.72491,80.75352
2023-11-15 21:30:00,941549.57009,-347769.9418,10.0,24.72783,80.75366
2023-11-15 22:00:00,941567.4957,-347693.08613,10.0,24.7323,80.75375
2023-11-15 22:30:00,941629.163,-347604.74276,10.0,24.73825,80.7535
2023-11-15 23:00:00,941703.39729,-347520.0973,10.0,24.74425,80.75313
2023-11-15 23:30:00,941822.12568,-347424.24048,10.5,24.75173,80.75241
2023-11-16 00:00:00,941968.13999,-347318.95663,10.0,24.76025,80.75149
2023-11-16 00:30:00,942109.42882,-347209.86688,10.0,24.76888,80.75062
2023-11-16 01:00:00,942290.91563,-347108.27025,10.0,24.7779,80.74938
2023-11-16 01:30:00,942529.22814,-347041.56105,10.0,24.78617,80.74754
2023-11-16 02:00:00,942748.32396,-347011.67591,10.5,24.79209,80.74575
2023-11-16 02:30:00,942954.74326,-347018.46084,10.0,24.79579,80.74395
2023-11-16 03:00:00,943154.31747,-347107.41972,10.0,24.79496,80.74195
2023-11-16 03:30:00,943340.98415,-347256.69353,10.0,24.79065,80.73987
2023-11-16 04:00:00,943479.74087,-347435.11215,10.0,24.78384,80.73811
2023-11-16 04:30:00,943565.0378,-347638.77397,10.0,24.77463,80.73673
2023-11-16 05:00:00,943587.11366,-347862.5827,10.0,24.7631,80.73583
2023-11-16 05:30:00,943536.38281,-348122.99996,10.0,24.74818,80.73544
2023-11-16 06:00:00,943414.46194,-348396.63401,10.0,24.73115,80.73562
2023-11-16 06:30:00,943206.75788,-348685.13922,10.0,24.71163,80.73649
2023-11-16 07:00:00,942911.06347,-348966.0857,10.0,24.69077,80.73814
2023-11-16 07:30:00,942548.21925,-349214.52948,10.0,24.67031,80.74047
2023-11-16 08:00:00,942148.20292,-349425.40542,10.5,24.65111,80.74324
2023-11-16 08:30:00,941715.32537,-349591.92221,10.0,24.63362,80.74643
2023-11-16 09:00:00,941316.00281,-349702.79272,10.0,24.61976,80.74951
2023-11-16 09:30:00,940959.10903,-349771.31758,10.0,24.609,80.75236
2023-11-16 10:00:00,940663.50048,-349796.91573,10.0,24.60175,80.75482
2023-11-16 10:30:00,940432.33423,-349774.29173,10.0,24.59836,80.75688
2023-11-16 11:00:00,940274.34719,-349724.06732,10.5,24.5979,80.7584
2023-11-16 11:30:00,940186.7674,-349659.04896,10.0,24.59964,80.75936
2023-11-16 12:00:00,940183.54395,-349580.14798,10.0,24.6038,80.75964
2023-11-16 12:30:00,940245.26379,-349492.33377,10.0,24.60973,80.75939
2023-11-16 13:00:00,940362.6407,-349423.70061,10.0,24.61574,80.7586
2023-11-16 13:30:00,940530.86189,-349374.68226,10.0,24.62171,80.75731
2023-11-16 14:00:00,940733.98105,-349344.38365,10.0,24.62737,80.75566
2023-11-16 14:30:00,940957.78887,-349333.49995,10.0,24.6324,80.75377
2023-11-16 15:00:00,941190.93005,-349363.23488,10.0,24.63544,80.75167
2023-11-16 15:30:00,941407.53873,-349465.69818,10.0,24.63426,80.74948
2023-11-16 16:00:00,941599.02149,-349620.17799,10.0,24.6298,80.74734
2023-11-16 16:30:00,941738.5644,-349776.72865,10.0,24.6242,80.74564
2023-11-16 17:00:00,941791.93722,-349927.30535,10.0,24.61721,80.7447
2023-11-16 17:30:00,941760.21549,-350084.63086,10.0,24.60817,80.74447
2023-11-16 18:00:00,941661.89031,-350258.35313,10.0,24.59693,80.74476
2023-11-16 18:30:00,941491.83868,-350437.1714,10.0,24.58399,80.74565
2023-11-16 19:00:00,941270.73061,-350618.62663,10.0,24.56989,80.74697
2023-11-16 19:30:00,941021.72849,-350796.71648,10.0,24.55541,80.74854
2023-11-16 20:00:00,940762.33993,-350965.04069,10.0,24.54124,80.75023
2023-11-16 20:30:00,940500.8027,-351117.1292,10.0,24.52789,80.75199
2023-11-16 21:00:00,940250.95542,-351237.77124,10.0,24.51645,80.75375
2023-11-16 21:30:00,940036.50305,-351322.75801,10.0,24.50762,80.75532
2023-11-16 22:00:00,939869.31013,-351399.55731,10.0,24.50017,80.75651
2023-11-16 22:30:00,939762.93837,-351466.16392,10.0,24.49448,80.75721
2023-11-16 23:00:00,939710.28071,-351522.93518,10.0,24.49039,80.75748
2023-11-16 23:30:00,939716.32041,-351572.12272,10.0,24.48788,80.75727
2023-11-17 00:00:00,939770.86363,-351628.55627,10.5,24.48595,80.75662
2023-11-17 00:30:00,939873.50544,-351696.38099,10.0,24.48438,80.75552
2023-11-17 01:00:00,940020.08336,-351761.89093,10.0,24.48381,80.75405
2023-11-17 01:30:00,940215.38856,-351834.04007,10.0,24.48386,80.75214
2023-11-17 02:00:00,940449.75893,-351916.87761,10.0,24.48412,80.74986
2023-11-17 02:30:00,940690.92326,-352009.55468,10.0,24.48399,80.74749
2023-11-17 03:00:00,940919.64627,-352123.03918,10.0,24.4825,80.74516
2023-11-17 03:30:00,941132.9074,-352265.39575,10.0,24.47916,80.74287
2023-11-17 04:00:00,941300.8166,-352429.39217,10.0,24.47376,80.7409
2023-11-17 04:30:00,941417.58896,-352621.11971,10.0,24.46586,80.73928
2023-11-17 05:00:00,941447.95169,-352813.50003,10.0,24.4562,80.7384
2023-11-17 05:30:00,941415.87336,-352970.50869,10.0,24.44718,80.73817
2023-11-17 06:00:00,941343.95147,-353128.13529,10.0,24.43733,80.73828
2023-11-17 06:30:00,941238.76222,-353278.14421,10.0,24.42722,80.7387
2023-11-17 07:00:00,941113.59912,-353416.13695,10.0,24.41735,80.73933
2023-11-17 07:30:00,940979.69299,-353546.32144,10.0,24.40772,80.74006
2023-11-17 08:00:00,940852.06203,-353653.53558,10.0,24.39944,80.74081
2023-11-17 08:30:00,940712.69586,-353745.44207,10.0,24.39174,80.74171
2023-11-17 09:00:00,940589.22766,-353804.32317,10.0,24.38612,80.74258
2023-11-17 09:30:00,940504.87207,-353814.93994,10.0,24.38386,80.74327
2023-11-17 10:00:00,940454.18759,-353773.201,10.0,24.38507,80.74384
2023-11-17 10:30:00,940478.24846,-353678.26448,10.0,24.39062,80.74394
2023-11-17 11:00:00,940596.32632,-353528.36749,10.0,24.40099,80.74341
2023-11-17 11:30:00,940800.1888,-353339.09902,10.0,24.41518,80.74227
2023-11-17 12:00:00,941102.06627,-353111.12553,10.5,24.4334,80.74041
2023-11-17 12:30:00,941493.35222,-352866.30787,10.0,24.45429,80.73784
2023-11-17 13:00:00,941973.60837,-352625.24296,10.0,24.47675,80.73449
2023-11-17 13:30:00,942457.03319,-352412.61774,10.0,24.49774,80.73102
2023-11-17 14:00:00,942619.64389,-352226.6654,10.0,24.5109,80.73022
2023-11-17 14:30:00,942946.73792,-352014.5191,10.0,24.52873,80.72809
2023-11-17 15:00:00,943392.69009,-351863.99053,10.0,24.54563,80.72474
2023-11-17 15:30:00,943744.33554,-351750.87504,10.0,24.55865,80.72208
2023-11-17 16:00:00,944048.37958,-351656.10139,10.0,24.56974,80.71977
2023-11-17 16:30:00,944513.6235,-351537.52518,10.0,24.58529,80.71615
2023-11-17 17:00:00,944887.98476,-351469.21207,10.0,24.59635,80.71315
2023-11-17 17:30:00,945187.65641,-351417.12372,10.0,24.60506,80.71074
2023-11-17 18:00:00,945486.74287,-351354.02766,10.0,24.61434,80.70837
2023-11-17 18:30:00,945735.92392,-351284.32748,10.0,24.62298,80.70645
2023-11-17 19:00:00,945813.44445,-351241.55237,10.0,24.62679,80.70592
2023-11-17 19:30:00,945795.02664,-351209.73044,10.0,24.62812,80.70618
2023-11-17 20:00:00,945886.39989,-351157.81468,10.0,24.63269,80.70556
2023-11-17 20:30:00,945988.15315,-351102.97742,10.0,24.63762,80.70486
2023-11-17 21:00:00,946070.18136,-351051.13915,10.0,24.642,80.70432
2023-11-17 21:30:00,946093.28446,-351007.67556,10.0,24.64477,80.70426
2023-11-17 22:00:00,946089.95659,-350960.2299,10.0,24.64723,80.70444
2023-11-17 22:30:00,946073.50374,-350910.54757,10.0,24.64955,80.70474
2023-11-17 23:00:00,946062.49838,-350846.17161,10.0,24.65276,80.70504
2023-11-17 23:30:00,946133.85165,-350772.89229,10.0,24.65807,80.70466
2023-11-18 00:00:00,946173.23002,-350694.89099,9.5,24.663,80.70457
2023-11-18 00:30:00,946422.96509,-350595.08358,10.0,24.67324,80.70274
2023-11-18 01:00:00,946746.42728,-350478.1557,10.0,24.68584,80.70033
2023-11-18 01:30:00,947114.96924,-350393.19149,10.0,24.69762,80.69743
2023-11-18 02:00:00,947454.02731,-350390.98596,10.0,24.70441,80.69452
2023-11-18 02:30:00,947682.87532,-350410.18857,10.0,24.70789,80.69249
2023-11-18 03:00:00,947909.76088,-350403.25024,10.0,24.71272,80.69056
2023-11-18 03:30:00,948102.17654,-350407.79718,10.0,24.71626,80.68889
2023-11-18 04:00:00,948110.67258,-350419.40084,10.0,24.71581,80.68878
2023-11-18 04:30:00,948151.0355,-350467.42292,10.0,24.71405,80.68828
2023-11-18 05:00:00,948489.1785,-350552.52211,10.0,24.71617,80.6851
2023-11-18 05:30:00,948674.23595,-350636.72578,10.0,24.71533,80.68324
2023-11-18 06:00:00,948748.63905,-350718.43081,10.0,24.71245,80.68234
2023-11-18 06:30:00,948863.16005,-350814.22583,10.0,24.70961,80.68105
2023-11-18 07:00:00,948963.56333,-350869.60883,10.0,24.70864,80.68001
2023-11-18 07:30:00,949009.05529,-350903.75057,10.0,24.70772,80.67951
2023-11-18 08:00:00,949020.08914,-350926.61463,10.5,24.70672,80.67934
2023-11-18 08:30:00,949013.64212,-350954.21188,10.0,24.70513,80.67931
2023-11-18 09:00:00,949004.59054,-350966.11562,10.0,24.70432,80.67935
2023-11-18 09:30:00,949007.37059,-350964.88432,10.0,24.70444,80.67933
2023-11-18 10:00:00,949025.82234,-350943.27666,10.0,24.70595,80.67924
2023-11-18 10:30:00,949059.98704,-350904.31908,10.0,24.70869,80.67907
2023-11-18 11:00:00,949110.93382,-350860.83119,10.0,24.712,80.67877
2023-11-18 11:30:00,949174.63318,-350811.13176,10.0,24.71589,80.67838
2023-11-18 12:00:00,949236.6046,-350778.67577,10.0,24.71883,80.67795
2023-11-18 12:30:00,949335.75359,-350727.3738,10.0,24.7235,80.67726
2023-11-18 13:00:00,949432.61816,-350685.38396,10.0,24.72763,80.67656
2023-11-18 13:30:00,949558.55485,-350640.18186,10.0,24.7325,80.67562
2023-11-18 14:00:00,949709.63935,-350570.90817,10.0,24.73914,80.67454
2023-11-18 14:30:00,949933.89873,-350457.59342,10.0,24.74955,80.67297
2023-11-18 15:00:00,950127.84067,-350375.98356,10.0,24.75768,80.67156
2023-11-18 15:30:00,950323.89762,-350304.33838,10.0,24.76532,80.6701
2023-11-18 16:00:00,950480.40761,-350220.14885,10.0,24.77285,80.66902
2023-11-18 16:30:00,950595.24812,-350173.3365,10.0,24.77758,80.66818
2023-11-18 17:00:00,950663.63267,-350145.3891,10.0,24.7804,80.66768
2023-11-18 17:30:00,950777.17418,-350092.60792,10.0,24.78542,80.66687
2023-11-18 18:00:00,950885.84279,-350037.26264,10.0,24.79048,80.66611
2023-11-18 18:30:00,950934.90824,-350001.8028,10.0,24.79332,80.6658
2023-11-18 19:00:00,950981.80411,-349965.9179,10.0,24.79614,80.66551
2023-11-18 19:30:00,951024.80454,-349924.8272,10.0,24.79916,80.66527
2023-11-18 20:00:00,951046.86877,-349899.58838,10.0,24.80093,80.66516
2023-11-18 20:30:00,951048.07405,-349886.83988,10.0,24.80163,80.66519
2023-11-18 21:00:00,951049.52342,-349873.42744,10.0,24.80237,80.66522
2023-11-18 21:30:00,951074.36359,-349834.321,10.0,24.80493,80.66513
2023-11-18 22:00:00,951111.09718,-349791.29585,9.5,24.80793,80.66495
2023-11-18 22:30:00,951140.31757,-349756.05913,10.0,24.81037,80.66481
2023-11-18 23:00:00,951176.89685,-349719.75762,10.0,24.81301,80.66461
2023-11-18 23:30:00,951216.92502,-349680.38739,10.0,24.81588,80.66439
2023-11-19 00:00:00,951250.91492,-349649.0446,10.5,24.81821,80.6642
2023-11-19 00:30:00,951290.26467,-349619.90106,10.0,24.82052,80.66395
2023-11-19 01:00:00,951325.13063,-349588.23809,10.0,24.82288,80.66375
2023-11-19 01:30:00,951371.09673,-349554.80938,10.0,24.82555,80.66346
2023-11-19 02:00:00,951411.4159,-349530.42239,10.0,24.82763,80.66319
2023-11-19 02:30:00,951437.46138,-349516.43248,10.0,24.82888,80.66301
2023-11-19 03:00:00,951452.31724,-349510.77021,10.0,24.82947,80.6629
2023-11-19 03:30:00,951453.21858,-349511.47825,10.0,24.82945,80.66289
2023-11-19 04:00:00,951452.83889,-349515.67355,10.0,24.82922,80.66288
2023-11-19 04:30:00,951451.23912,-349523.19004,10.0,24.82879,80.66287
2023-11-19 05:00:00,951452.174,-349530.12994,10.0,24.82844,80.66284
2023-11-19 05:30:00,951452.80152,-349566.35882,10.0,24.82653,80.66272
2023-11-19 06:00:00,951432.47837,-349609.02628,10.0,24.82387,80.66276
2023-11-19 06:30:00,951397.14619,-349664.08281,10.0,24.82026,80.66289
2023-11-19 07:00:00,951320.85866,-349735.74614,10.0,24.81497,80.66332
2023-11-19 07:30:00,951202.70941,-349810.66448,10.0,24.80869,80.6641
2023-11-19 08:00:00,951047.06678,-349880.93606,10.5,24.80192,80.66522
2023-11-19 08:30:00,950853.97596,-349943.93795,10.0,24.79481,80.66668
2023-11-19 09:00:00,950628.60558,-349997.58287,10.0,24.78756,80.66845
2023-11-19 09:30:00,950375.38829,-350025.84939,10.0,24.78111,80.67054
2023-11-19 10:00:00,950104.22515,-350014.49142,10.0,24.77641,80.67291
2023-11-19 10:30:00,949843.44063,-349965.48966,10.0,24.77391,80.67531
2023-11-19 11:00:00,949593.0444,-349875.67936,10.0,24.77378,80.67775
2023-11-19 11:30:00,949347.93773,-349724.21116,10.0,24.77703,80.68034
2023-11-19 12:00:00,949143.81863,-349556.08003,10.0,24.78197,80.68263
2023-11-19 12:30:00,948964.57485,-349301.42493,10.0,24.792,80.68498
2023-11-19 13:00:00,948810.6205,-349037.9321,10.0,24.803,80.68714
2023-11-19 13:30:00,948694.59267,-348784.90811,10.0,24.81419,80.68894
2023-11-19 14:00:00,948565.47214,-348482.05838,10.0,24.82778,80.69101
2023-11-19 14:30:00,948450.39457,-348169.26261,10.0,24.84218,80.69299
2023-11-19 15:00:00,948363.40916,-347884.16369,10.0,24.85566,80.69464
2023-11-19 15:30:00,948298.0114,-347609.69652,10.0,24.869,80.69607
2023-11-19 16:00:00,948196.37379,-347310.39496,10.0,24.88296,80.69789
2023-11-19 16:30:00,948032.34567,-346940.32869,10.0,24.89948,80.70047
2023-11-19 17:00:00,947997.85654,-346482.37487,10.0,24.92322,80.70221
2023-11-19 17:30:00,948145.62857,-346141.37634,10.0,24.94428,80.70201
2023-11-19 18:00:00,948309.53288,-345825.74561,10.0,24.9643,80.70159
2023-11-19 18:30:00,948463.86633,-345529.65762,10.0,24.98309,80.70119
2023-11-19 19:00:00,948567.97197,-345285.19272,10.0,24.99815,80.70106
2023-11-19 19:30:00,948603.02814,-345090.03094,10.5,25.00924,80.70137
2023-11-19 20:00:00,948638.5035,-345011.63638,10.0,25.01411,80.70131
2023-11-19 20:30:00,948640.95532,-344947.47773,10.0,25.01758,80.70149
2023-11-19 21:00:00,948561.26937,-344879.51403,10.0,25.01966,80.70239
2023-11-19 21:30:00,948393.0042,-344815.89961,10.0,25.01979,80.70404
2023-11-19 22:00:00,948229.16993,-344819.85412,10.0,25.0164,80.70544
2023-11-19 22:30:00,948073.05452,-344831.28087,10.0,25.01276,80.70675
2023-11-19 23:00:00,947889.21994,-344829.60704,10.0,25.00928,80.70834
2023-11-19 23:30:00,947644.27623,-344785.4485,10.0,25.00688,80.71059
2023-11-20 00:00:00,947370.9325,-344685.43499,10.0,25.00691,80.71326
2023-11-20 00:30:00,947110.08763,-344535.1255,10.0,25.00987,80.71598
2023-11-20 01:00:00,946857.28753,-344365.8818,10.0,25.014,80.71869
2023-11-20 01:30:00,946632.09437,-344171.74132,10.0,25.02,80.72124
2023-11-20 02:00:00,946467.14051,-343952.24405,10.0,25.02853,80.72335
2023-11-20 02:30:00,946338.33591,-343725.75892,10.0,25.03814,80.72517
2023-11-20 03:00:00,946233.18581,-343481.95105,10.0,25.04914,80.72684
2023-11-20 03:30:00,946180.33704,-343215.33238,10.0,25.06238,80.72813
2023-11-20 04:00:00,946196.51024,-342924.47662,10.0,25.07826,80.7289
2023-11-20 04:30:00,946284.40322,-342659.45401,10.0,25.09415,80.72897
2023-11-20 05:00:00,946411.16083,-342424.56198,10.0,25.10918,80.72861
2023-11-20 05:30:00,946552.39008,-342232.79984,10.0,25.12218,80.72799
2023-11-20 06:00:00,946731.47993,-342099.70492,10.0,25.13277,80.72686
2023-11-20 06:30:00,946969.67724,-342019.85447,10.5,25.14165,80.72505
2023-11-20 07:00:00,947258.75099,-341987.64868,10.0,25.14896,80.72266
2023-11-20 07:30:00,947506.22845,-342024.46995,10.0,25.15177,80.72041
2023-11-20 08:00:00,947699.18635,-342096.74,10.0,25.15163,80.71852
2023-11-20 08:30:00,947819.23635,-342184.76437,10.0,25.14924,80.71721
2023-11-20 09:00:00,947878.13929,-342236.69777,10.0,25.1476,80.71654
2023-11-20 09:30:00,947897.0231,-342187.60211,10.0,25.15059,80.71653
2023-11-20 10:00:00,947995.39153,-342115.87352,10.5,25.15632,80.7159
2023-11-20 10:30:00,948194.37557,-342140.8178,10.0,25.15883,80.71411
2023-11-20 11:00:00,948331.28354,-342185.35516,10.0,25.15909,80.71279
2023-11-20 11:30:00,948428.6789,-342252.677,10.0,25.15737,80.71174
2023-11-20 12:00:00,948514.24551,-342294.96825,10.0,25.15676,80.71087
2023-11-20 12:30:00,948627.1712,-342319.25308,10.0,25.15764,80.70982
2023-11-20 13:00:00,948791.23353,-342317.44368,10.0,25.1609,80.70841
2023-11-20 13:30:00,948997.02216,-342279.9862,10.5,25.16687,80.70675
2023-11-20 14:00:00,949213.30489,-342217.16641,10.0,25.17439,80.70508
2023-11-20 14:30:00,949433.42236,-342124.08115,10.0,25.1836,80.70347
2023-11-20 15:00:00,949671.51888,-342003.51954,10.0,25.19462,80.70179
2023-11-20 15:30:00,949923.15785,-341864.53594,10.0,25.20688,80.70005
2023-11-20 16:00:00,950206.65354,-341707.70572,10.0,25.2207,80.69809
2023-11-20 16:30:00,950512.42382,-341549.96626,10.0,25.23499,80.69594
2023-11-20 17:00:00,950876.95099,-341396.15013,10.0,25.25019,80.69327
2023-11-20 17:30:00,951276.48056,-341270.46772,10.0,25.26455,80.69021
2023-11-20 18:00:00,951704.94546,-341173.72494,10.0,25.27791,80.68681
2023-11-20 18:30:00,952128.17733,-341104.3621,10.0,25.2897,80.68337
2023-11-20 19:00:00,952510.28867,-341055.93642,10.0,25.29958,80.68022
2023-11-20 19:30:00,952850.3406,-341034.35673,10.0,25.30722,80.67735
2023-11-20 20:00:00,953149.96744,-341041.57335,10.0,25.31255,80.67474
2023-11-20 20:30:00,953391.20837,-341079.27669,10.0,25.31514,80.67254
2023-11-20 21:00:00,953583.0475,-341190.33608,10.0,25.31288,80.67054
2023-11-20 21:30:00,953705.49853,-341317.32982,10.0,25.30845,80.66909
2023-11-20 22:00:00,953698.75668,-341362.04835,10.0,25.30594,80.66901
2023-11-20 22:30:00,953603.91645,-341416.72636,10.0,25.30122,80.66966
2023-11-20 23:00:00,953387.96851,-341502.36694,10.0,25.29254,80.67126
2023-11-20 23:30:00,953055.57853,-341625.24687,10.0,25.27965,80.67375
2023-11-21 00:00:00,952595.48936,-341713.37992,10.5,25.26616,80.67745
2023-11-21 00:30:00,952088.41026,-341799.77655,10.0,25.25186,80.68156
2023-11-21 01:00:00,951537.50782,-341987.1516,35.0,25.23132,80.68573
2023-11-21 01:30:00,950954.96172,-342210.2935,35.0,25.20824,80.69007
2023-11-21 02:00:00,950333.3541,-342408.26409,10.0,25.18574,80.69482
2023-11-21 02:30:00,949694.57343,-342572.92843,10.0,25.16466,80.69982
2023-11-21 03:00:00,949074.32071,-342698.73144,10.0,25.14599,80.70478
2023-11-21 03:30:00,948481.45408,-342780.5292,9.5,25.13018,80.70964
2023-11-21 04:00:00,947859.70619,-342768.8836,10.0,25.11879,80.71504
2023-11-21 04:30:00,947311.74552,-342758.25913,10.0,25.10876,80.7198
2023-11-21 05:00:00,946814.18889,-342726.81243,10.0,25.10081,80.72419
2023-11-21 05:30:00,946268.7956,-342680.14289,10.0,25.09274,80.72904
2023-11-21 06:00:00,945684.83305,-342611.87269,10.0,25.08507,80.73429
2023-11-21 06:30:00,945154.89419,-342528.86695,10.0,25.07923,80.73912
2023-11-21 07:00:00,944662.26043,-342422.89553,10.0,25.07534,80.7437
2023-11-21 07:30:00,944249.93338,-342300.09801,10.0,25.07391,80.74764
2023-11-21 08:00:00,943928.05599,-342215.66115,10.0,25.07218,80.75068
2023-11-21 08:30:00,943643.94767,-342193.34867,10.0,25.06785,80.7532
2023-11-21 09:00:00,943356.0425,-342207.06324,10.0,25.06151,80.75564
2023-11-21 09:30:00,943123.63504,-342211.60825,10.0,25.05674,80.75763
2023-11-21 10:00:00,942949.28932,-342199.93744,10.0,25.05397,80.75917
2023-11-21 10:30:00,942677.05896,-341994.6435,10.0,25.05969,80.76216
2023-11-21 11:00:00,942376.15449,-341775.66934,10.0,25.06559,80.76544
2023-11-21 11:30:00,942105.94644,-341497.58041,10.0,25.07527,80.76864
2023-11-21 12:00:00,941826.94179,-341083.66361,10.0,25.09209,80.77234
2023-11-21 12:30:00,941574.39636,-340686.07681,10.0,25.10856,80.77576
2023-11-21 13:00:00,941346.72511,-340248.2968,10.0,25.12769,80.77909
2023-11-21 13:30:00,941231.1695,-339785.33668,10.0,25.15037,80.78153
2023-11-21 14:00:00,941245.57128,-339350.33671,10.0,25.17408,80.78276
2023-11-21 14:30:00,941364.87542,-338945.24557,10.0,25.19822,80.78299
2023-11-21 15:00:00,941642.58819,-338617.73906,10.0,25.22125,80.78161
2023-11-21 15:30:00,942032.69599,-338350.88933,10.0,25.24318,80.77907
2023-11-21 16:00:00,942473.43563,-338110.33278,10.0,25.26466,80.77601
2023-11-21 16:30:00,942916.91245,-337903.73203,10.0,25.28435,80.77282
2023-11-21 17:00:00,943417.01984,-337729.4096,10.0,25.30338,80.76904
2023-11-21 17:30:00,943928.68604,-337609.84427,10.0,25.31967,80.76499
2023-11-21 18:00:00,944408.72113,-337562.35678,15.0,25.33146,80.76099
2023-11-21 18:30:00,944874.28461,-337577.94177,10.0,25.33957,80.75692
2023-11-21 19:00:00,945288.24527,-337621.28611,10.0,25.34519,80.75321
2023-11-21 19:30:00,945638.25892,-337678.37321,10.0,25.34884,80.75001
2023-11-21 20:00:00,945876.78563,-337778.62602,10.0,25.34803,80.74764
2023-11-21 20:30:00,945980.029,-337940.04087,10.0,25.34134,80.74625
2023-11-21 21:00:00,945995.53299,-338097.50863,10.0,25.33318,80.74563
2023-11-21 21:30:00,945943.84878,-338261.51116,10.0,25.32338,80.74557
2023-11-21 22:00:00,945858.4882,-338445.12421,10.0,25.31188,80.74574
2023-11-21 22:30:00,945672.0445,-338665.16069,10.0,25.29648,80.74667
2023-11-21 23:00:00,945381.74364,-338887.20254,10.0,25.27897,80.74849
2023-11-21 23:30:00,944997.71284,-339092.61179,10.0,25.26054,80.75117
2023-11-22 00:00:00,944557.40342,-339267.36964,10.0,25.24266,80.75443
2023-11-22 00:30:00,944181.54742,-339397.88719,10.0,25.22839,80.75727
2023-11-22 01:00:00,943863.79084,-339518.07098,10.0,25.21579,80.75964
2023-11-22 01:30:00,943449.6745,-339571.08504,10.0,25.20493,80.76305
2023-11-22 02:00:00,942982.00681,-339605.40712,10.0,25.19403,80.76698
2023-11-22 02:30:00,942456.03749,-339566.69557,10.0,25.18592,80.77164
2023-11-22 03:00:00,941990.62804,-339501.36111,10.0,25.18041,80.77586
2023-11-22 03:30:00,941512.33887,-339401.02329,10.0,25.17653,80.7803
2023-11-22 04:00:00,941066.35472,-339233.57146,10.0,25.17689,80.78467
2023-11-22 04:30:00,940637.17709,-338932.69143,10.0,25.18477,80.78931
2023-11-22 05:00:00,940223.24675,-338653.76499,10.0,25.19177,80.79375
2023-11-22 05:30:00,939828.38028,-338424.81715,10.0,25.19645,80.79787
2023-11-22 06:00:00,939414.30819,-338233.11336,10.0,25.19875,80.80204
2023-11-22 06:30:00,939002.91088,-338046.85434,10.0,25.20081,80.80617
2023-11-22 07:00:00,938591.81635,-337895.15685,10.0,25.20101,80.81019
2023-11-22 07:30:00,938182.9275,-337740.55735,10.0,25.20141,80.8142
2023-11-22 08:00:00,937744.14669,-337594.9856,10.0,25.20074,80.81844
2023-11-22 08:30:00,937276.97578,-337441.39881,10.0,25.19995,80.82295
2023-11-22 09:00:00,936774.21085,-337212.92724,10.0,25.20252,80.828
2023-11-22 09:30:00,936279.69536,-336906.8178,10.0,25.20946,80.83322
2023-11-22 10:00:00,935789.95009,-336574.53336,10.0,25.21792,80.83848
2023-11-22 10:30:00,935267.15341,-336253.58841,10.0,25.22513,80.84399
2023-11-22 11:00:00,934772.74878,-335959.95612,10.0,25.23142,80.84917
2023-11-22 11:30:00,934398.27484,-335699.96917,10.0,25.23823,80.85321
2023-11-22 12:00:00,934040.96329,-335459.87657,10.0,25.2443,80.85704
2023-11-22 12:30:00,933709.5433,-335215.37613,10.0,25.25112,80.86066
2023-11-22 13:00:00,933410.91732,-335031.10929,10.0,25.25531,80.86381
2023-11-22 13:30:00,933068.41884,-334827.10809,10.0,25.25972,80.8674
2023-11-22 14:00:00,932669.75511,-334618.27103,10.0,25.2633,80.87149
2023-11-22 14:30:00,932263.68651,-334326.76932,10.0,25.27124,80.8759
2023-11-22 15:00:00,931823.361,-334062.95619,10.0,25.27701,80.88052
2023-11-22 15:30:00,931387.83091,-333860.03748,10.0,25.27956,80.88491
2023-11-22 16:00:00,930963.44384,-333697.09581,10.0,25.28015,80.88908
2023-11-22 16:30:00,930511.91431,-333474.22036,10.0,25.28348,80.89367
2023-11-22 17:00:00,930020.03207,-333170.09641,10.0,25.29046,80.89886
2023-11-22 17:30:00,929429.22691,-332757.48889,10.0,25.30144,80.90524
2023-11-22 18:00:00,928811.11293,-332239.94217,10.0,25.31764,80.91218
2023-11-22 18:30:00,928199.11847,-331724.48858,10.0,25.33387,80.91906
2023-11-22 19:00:00,927640.98772,-331184.36091,10.0,25.35253,80.92555
2023-11-22 19:30:00,927117.61407,-330598.38843,10.0,25.37441,80.93188
2023-11-22 20:00:00,926543.42857,-329985.76697,10.0,25.39679,80.93873
2023-11-22 20:30:00,925997.05899,-329381.25454,25.0,25.4193,80.94531
2023-11-22 21:00:00,925526.75081,-328785.69883,25.0,25.44284,80.95121
2023-11-22 21:30:00,925071.28281,-328218.47155,10.0,25.46514,80.95689
2023-11-22 22:00:00,924568.60869,-327637.20678,10.0,25.48732,80.96302
2023-11-22 22:30:00,924104.61064,-327037.69281,10.0,25.51129,80.96887
2023-11-22 23:00:00,923710.6839,-326409.46655,10.0,25.53824,80.9742
2023-11-22 23:30:00,923376.74106,-325774.35125,10.0,25.56677,80.97903
2023-11-23 00:00:00,922997.88929,-325225.18683,15.0,25.58971,80.98398
2023-11-23 00:30:00,922565.24942,-324739.37537,10.0,25.60813,80.98921
2023-11-23 01:00:00,922011.17753,-324278.50453,10.0,25.62283,80.99541
2023-11-23 01:30:00,921365.54186,-323887.36263,10.0,25.63191,81.00219
2023-11-23 02:00:00,920756.66727,-323529.6057,10.0,25.63987,81.00855
2023-11-23 02:30:00,920141.58843,-323209.20265,10.0,25.64565,81.01485
2023-11-23 03:00:00,919459.15201,-322968.76873,10.0,25.64569,81.02149
2023-11-23 03:30:00,918792.88853,-322721.76695,10.0,25.64641,81.02801
2023-11-23 04:00:00,918063.89247,-322485.69066,10.0,25.6453,81.03504
2023-11-23 04:30:00,917364.12006,-322288.08848,10.0,25.64262,81.0417
2023-11-23 05:00:00,916634.51857,-322037.33672,10.0,25.64231,81.04878
2023-11-23 05:30:00,915850.58758,-321773.59403,10.0,25.64166,81.05637
2023-11-23 06:00:00,915082.56396,-321487.60943,10.0,25.64256,81.06389
2023-11-23 06:30:00,914352.81908,-321217.60947,10.0,25.64332,81.07103
2023-11-23 07:00:00,913667.77895,-320895.9792,10.0,25.64784,81.07794
2023-11-23 07:30:00,913040.84513,-320586.46451,10.0,25.65283,81.08431
2023-11-23 08:00:00,912419.43313,-320290.82163,10.0,25.65716,81.09059
2023-11-23 08:30:00,911816.76168,-320007.58514,10.0,25.66117,81.09667
2023-11-23 09:00:00,911312.11817,-319695.07109,10.0,25.66875,81.10199
2023-11-23 09:30:00,910843.56522,-319394.83948,10.0,25.67636,81.10696
2023-11-23 10:00:00,910319.08148,-319096.02901,10.0,25.6828,81.11241
2023-11-23 10:30:00,909779.65623,-318773.93965,10.0,25.69026,81.11806
2023-11-23 11:00:00,909293.88804,-318479.89962,10.0,25.69721,81.12316
2023-11-23 11:30:00,908821.27889,-318237.26276,10.0,25.70154,81.12799
2023-11-23 12:00:00,908364.28202,-317986.29416,10.0,25.70665,81.13271
2023-11-23 12:30:00,907894.06754,-317756.58764,10.0,25.71031,81.13748
2023-11-23 13:00:00,907405.06074,-317570.68368,10.0,25.71114,81.14228
2023-11-23 13:30:00,906879.18441,-317410.97977,10.0,25.70977,81.14732
2023-11-23 14:00:00,906300.05273,-317264.92325,10.0,25.70658,81.15278
2023-11-23 14:30:00,905709.48153,-317105.38616,10.0,25.70392,81.15838
2023-11-23 15:00:00,905155.73364,-316926.406,10.0,25.70308,81.16372
2023-11-23 15:30:00,904555.01477,-316789.27099,10.0,25.69895,81.16934
2023-11-23 16:00:00,904020.99088,-316567.17549,10.0,25.70093,81.17464
2023-11-23 16:30:00,903534.08391,-316345.68713,10.0,25.70381,81.17953
2023-11-23 17:00:00,903131.86433,-316116.3902,10.0,25.70881,81.18371
2023-11-23 17:30:00,902745.42447,-315891.46121,10.0,25.71388,81.18774
2023-11-23 18:00:00,902334.12246,-315734.27941,10.0,25.71463,81.19178
2023-11-23 18:30:00,901941.01312,-315541.60028,10.0,25.71775,81.19577
2023-11-23 19:00:00,901643.18896,-315257.96542,10.0,25.72791,81.19921
2023-11-23 19:30:00,901500.77076,-314945.62268,10.0,25.74278,81.20139
2023-11-23 20:00:00,901454.46368,-314602.36056,10.0,25.76131,81.20283
2023-11-23 20:30:00,901504.01439,-314308.15399,10.0,25.77896,81.20329
2023-11-23 21:00:00,901608.96658,-314175.85573,10.0,25.78853,81.20278
2023-11-23 21:30:00,901715.46244,-314002.60597,10.0,25.80045,81.20238
2023-11-23 22:00:00,901914.1195,-313869.3501,10.0,25.81192,81.20106
2023-11-23 22:30:00,902064.97497,-313740.76339,10.0,25.82218,81.20014
2023-11-23 23:00:00,902192.53566,-313698.99503,10.0,25.82706,81.19916
2023-11-23 23:30:00,902291.72369,-313742.13289,10.0,25.82657,81.19817
2023-11-24 00:00:00,902326.77524,-313860.24089,10.0,25.82057,81.19751
2023-11-24 00:30:00,902286.12169,-313977.09267,10.0,25.81315,81.19751
2023-11-24 01:00:00,902182.62823,-314045.7636,10.0,25.80722,81.1982
2023-11-24 01:30:00,902062.98459,-314024.94531,10.0,25.80604,81.1993
2023-11-24 02:00:00,901919.19328,-313950.88628,10.0,25.8074,81.20077
2023-11-24 02:30:00,901787.1733,-313813.17363,10.0,25.8126,81.20233
2023-11-24 03:00:00,901589.53549,-313658.48722,10.0,25.81747,81.20451
2023-11-24 03:30:00,901381.73023,-313489.90264,10.0,25.82293,81.20682
2023-11-24 04:00:00,901167.72778,-313282.72132,10.0,25.83046,81.2093
2023-11-24 04:30:00,901005.57675,-313032.47785,10.0,25.84146,81.21146
2023-11-24 05:00:00,900875.43467,-312723.14671,10.0,25.85645,81.21352
2023-11-24 05:30:00,900800.26298,-312334.90329,10.0,25.87701,81.21534
2023-11-24 06:00:00,900844.72982,-311833.82593,10.0,25.90634,81.21646
2023-11-24 06:30:00,900969.28816,-311420.40993,10.0,25.93227,81.21662
2023-11-24 07:00:00,901087.51301,-311044.77804,10.0,25.95593,81.21672
2023-11-24 07:30:00,901294.15331,-310713.0107,10.0,25.97883,81.21592
2023-11-24 08:00:00,901492.38238,-310398.51277,10.0,26.00058,81.21514
2023-11-24 08:30:00,901636.37766,-310140.79145,10.0,26.01804,81.21466
2023-11-24 09:00:00,901805.42046,-309910.47364,10.0,26.03443,81.21388
2023-11-24 09:30:00,901981.01309,-309674.25803,10.0,26.05128,81.21306
2023-11-24 10:00:00,902099.19799,-309487.62959,10.0,26.06419,81.21259
2023-11-24 10:30:00,902175.07751,-309313.39638,10.0,26.07557,81.21245
2023-11-24 11:00:00,902186.37427,-309149.40323,10.0,26.08511,81.21284
2023-11-24 11:30:00,902160.41264,-308993.24815,10.0,26.09348,81.21353
2023-11-24 12:00:00,902147.77268,-308683.7202,10.0,26.11083,81.21456
2023-11-24 12:30:00,902131.46242,-308313.92528,10.0,26.13154,81.2158
2023-11-24 13:00:00,902373.29518,-307693.18498,10.5,26.17154,81.21554
2023-11-24 13:30:00,902644.13281,-307016.18032,10.0,26.2153,81.21519
2023-11-24 14:00:00,902881.37613,-306233.00489,10.0,26.26445,81.21544
2023-11-24 14:30:00,903038.99303,-305380.44309,10.0,26.31602,81.21658
2023-11-24 15:00:00,903054.58678,-304462.5025,10.0,26.3686,81.21914
2023-11-24 15:30:00,903036.61258,-303515.39947,10.0,26.42223,81.22207
2023-11-24 16:00:00,903029.7498,-302698.58826,10.5,26.46868,81.22452
2023-11-24 16:30:00,903167.47226,-301808.46524,10.0,26.52209,81.22591
2023-11-24 17:00:00,903481.53776,-300849.74613,10.0,26.58279,81.22596
2023-11-24 17:30:00,903717.39409,-300005.69445,10.0,26.63546,81.22635
2023-11-24 18:00:00,903913.64363,-299160.86946,10.0,26.68743,81.22708
2023-11-24 18:30:00,904215.75431,-298382.09988,10.0,26.73763,81.22669
2023-11-24 19:00:00,904542.67715,-297588.32002,10.0,26.78915,81.22612
2023-11-24 19:30:00,904990.37494,-296839.80886,10.5,26.84034,81.22436
2023-11-24 20:00:00,905545.33157,-296002.67774,10.0,26.89858,81.22191
2023-11-24 20:30:00,906229.1476,-295072.7699,10.0,26.96449,81.21859
2023-11-24 21:00:00,906853.10333,-294196.21629,10.0,27.02619,81.21563
2023-11-24 21:30:00,907340.02813,-293467.22248,10.0,27.07688,81.21344
2023-11-24 22:00:00,907756.29069,-292785.58664,10.5,27.12353,81.21173
2023-11-24 22:30:00,908168.58799,-292144.13551,10.0,27.1678,81.20993
2023-11-24 23:00:00,908568.06806,-291573.9104,10.0,27.20774,81.20804
2023-11-24 23:30:00,908910.78195,-291040.12769,10.0,27.24454,81.20654
2023-11-25 00:00:00,909164.20587,-290555.41845,10.0,27.27689,81.20568
2023-11-25 00:30:00,909273.71297,-290087.1143,10.0,27.30567,81.20603
2023-11-25 01:00:00,909309.56503,-289612.34854,10.0,27.33348,81.20704
2023-11-25 01:30:00,909272.66557,-289060.0438,10.0,27.36441,81.2089
2023-11-25 02:00:00,909178.82692,-288430.51842,10.0,27.39874,81.21147
2023-11-25 02:30:00,908977.90777,-287795.19803,10.0,27.43148,81.21499
2023-11-25 03:00:00,908733.86151,-287176.01572,10.0,27.46254,81.21884
2023-11-25 03:30:00,908474.93065,-286483.58041,10.0,27.49756,81.22302
2023-11-25 04:00:00,908220.74083,-285771.26996,10.0,27.53384,81.22721
2023-11-25 04:30:00,907957.21235,-285018.3343,10.0,27.57232,81.23159
2023-11-25 05:00:00,907611.02208,-284214.43885,10.0,27.61228,81.23683
2023-11-25 05:30:00,907198.56218,-283438.468,10.0,27.64949,81.24257
2023-11-25 06:00:00,906847.10607,-282608.21511,10.0,27.69097,81.24792
2023-11-25 06:30:00,906652.45393,-281803.98714,10.0,27.73381,81.25182
2023-11-25 07:00:00,906678.13792,-281023.75993,10.5,27.77924,81.25372
2023-11-25 07:30:00,906839.96346,-280186.86462,10.0,27.83039,81.25457
2023-11-25 08:00:00,907115.27206,-279375.6894,10.0,27.88208,81.25435
2023-11-25 08:30:00,907471.50755,-278402.14768,10.0,27.94457,81.25385
2023-11-25 09:00:00,907900.83728,-277461.38643,10.0,28.00645,81.25261
2023-11-25 09:30:00,908405.90916,-276593.44409,10.0,28.06544,81.2505
2023-11-25 10:00:00,908948.91217,-275848.53732,10.5,28.11796,81.24772
2023-11-25 10:30:00,909516.31009,-275166.69916,10.0,28.16724,81.24455
2023-11-25 11:00:00,910085.90279,-274618.62035,10.0,28.2088,81.241
2023-11-25 11:30:00,910661.07012,-274182.57214,10.0,28.24396,81.2371
2023-11-25 12:00:00,911236.93124,-273822.48272,10.0,28.27472,81.23299
2023-11-25 12:30:00,911805.21049,-273573.92753,10.0,28.29889,81.22865
2023-11-25 13:00:00,912368.71318,-273405.25925,10.0,28.31835,81.22414
2023-11-25 13:30:00,912871.76182,-273290.02017,10.0,28.33367,81.22002
2023-11-25 14:00:00,913326.16448,-273177.52158,10.0,28.34798,81.21632
2023-11-25 14:30:00,913718.51421,-273082.22893,10.0,28.36022,81.21312
2023-11-25 15:00:00,914050.19683,-272995.77012,10.0,28.3709,81.21043
2023-11-25 15:30:00,914246.74599,-272954.36707,10.0,28.37666,81.20881
2023-11-25 16:00:00,914320.66702,-272980.95557,10.0,28.3764,81.20809
2023-11-25 16:30:00,914262.12644,-273036.12452,10.0,28.37222,81.20846
2023-11-25 17:00:00,914177.08383,-273023.93495,10.0,28.37146,81.20924
2023-11-25 17:30:00,914114.09224,-272945.51894,10.0,28.37489,81.21
2023-11-25 18:00:00,914073.87111,-272825.08684,10.0,28.38113,81.21067
2023-11-25 18:30:00,913993.49523,-272625.80952,10.0,28.39122,81.2119
2023-11-25 19:00:00,913938.22301,-272349.82895,10.5,28.40616,81.21311
2023-11-25 19:30:00,913938.7406,-271993.11436,10.0,28.42671,81.21404
2023-11-25 20:00:00,914041.6785,-271616.39294,10.0,28.45017,81.21412
2023-11-25 20:30:00,914184.13097,-271228.48807,10.0,28.47495,81.21388
2023-11-25 21:00:00,914390.75978,-270864.95121,10.0,28.49942,81.21301
2023-11-25 21:30:00,914613.39936,-270542.69385,10.0,28.52178,81.21189
2023-11-25 22:00:00,914890.04186,-270283.57204,10.5,28.54142,81.21013
2023-11-25 22:30:00,915247.72297,-270072.06499,10.0,28.55968,81.20753
2023-11-25 23:00:00,915615.5497,-269880.09526,10.0,28.57698,81.20479
2023-11-25 23:30:00,916061.49875,-269754.20115,10.0,28.59179,81.20119
2023-11-26 00:00:00,916531.37563,-269705.00792,10.0,28.60258,81.19718
2023-11-26 00:30:00,916978.05199,-269692.11799,10.0,28.61088,81.19328
2023-11-26 01:00:00,917402.22168,-269670.74435,10.0,28.61928,81.1896
2023-11-26 01:30:00,917813.93234,-269672.38638,10.0,28.62614,81.18597
2023-11-26 02:00:00,918216.39749,-269767.31035,10.0,28.62748,81.18218
2023-11-26 02:30:00,918589.1378,-269878.38702,10.0,28.62739,81.17861
2023-11-26 03:00:00,918889.27381,-270051.06456,10.0,28.62254,81.17552
2023-11-26 03:30:00,919070.77017,-270318.23799,10.0,28.61027,81.17323
2023-11-26 04:00:00,919158.29966,-270572.68083,10.0,28.59715,81.1718
2023-11-26 04:30:00,919190.22013,-270768.97009,10.0,28.58643,81.17101
2023-11-26 05:00:00,919164.81283,-270947.69659,10.0,28.57575,81.17077
2023-11-26 05:30:00,919082.82043,-271083.23815,10.0,28.56659,81.17114
2023-11-26 06:00:00,918989.40529,-271211.21043,10.0,28.55767,81.17163
2023-11-26 06:30:00,918860.14316,-271248.90186,10.5,28.55332,81.17267
2023-11-26 07:00:00,918686.07271,-271195.94717,10.0,28.55341,81.17434
2023-11-26 07:30:00,918503.46995,-271064.142,10.0,28.55788,81.17629
2023-11-26 08:00:00,918282.58428,-270784.84148,10.0,28.57017,81.17896
2023-11-26 08:30:00,918093.45018,-270432.30784,10.0,28.58721,81.18154
2023-11-26 09:00:00,917940.72609,-270048.3604,10.0,28.60668,81.18388
2023-11-26 09:30:00,917837.15132,-269546.95678,10.0,28.63374,81.18609
2023-11-26 10:00:00,917876.89026,-268978.03407,10.0,28.66711,81.18721
2023-11-26 10:30:00,918027.49823,-268405.32846,10.0,28.70257,81.18736
2023-11-26 11:00:00,918246.70597,-267837.35101,10.0,28.73891,81.18689
2023-11-26 11:30:00,918430.30911,-267273.37616,10.0,28.77442,81.18672
2023-11-26 12:00:00,918642.66723,-266741.89103,10.0,28.80854,81.18621
2023-11-26 12:30:00,918920.7536,-266209.38762,10.0,28.84381,81.18512
2023-11-26 13:00:00,919184.56212,-265654.35301,10.0,28.88013,81.18421
2023-11-26 13:30:00,919438.16293,-265137.26443,10.0,28.91409,81.18329
2023-11-26 14:00:00,919650.39542,-264683.92651,10.0,28.94369,81.18257
2023-11-26 14:30:00,919795.22974,-264349.82654,10.0,28.96531,81.18214
2023-11-26 15:00:00,919846.1424,-264105.50997,10.0,28.98021,81.18231
2023-11-26 15:30:00,919789.25896,-263877.19427,10.0,28.99241,81.18339
2023-11-26 16:00:00,919636.89801,-263681.3138,10.0,29.00117,81.18523
2023-11-26 16:30:00,919324.22673,-263471.33311,10.0,29.0081,81.18852
2023-11-26 17:00:00,918918.00464,-263247.65964,10.0,29.01428,81.19267
2023-11-26 17:30:00,918440.56589,-263007.50984,10.0,29.02024,81.19749
2023-11-26 18:00:00,917928.67237,-262753.10423,10.0,29.02646,81.20265
2023-11-26 18:30:00,917412.45507,-262470.21869,10.0,29.03426,81.20792
2023-11-26 19:00:00,916904.41348,-262198.31626,10.0,29.04157,81.21309
2023-11-26 19:30:00,916431.6617,-261890.10968,10.0,29.05157,81.21804
2023-11-26 20:00:00,916066.39588,-261562.47501,10.0,29.06448,81.22209
2023-11-26 20:30:00,915791.41624,-261188.2112,10.0,29.08159,81.22546
2023-11-26 21:00:00,915584.34949,-260821.7743,10.0,29.09938,81.22821
2023-11-26 21:30:00,915436.95319,-260460.24673,10.0,29.11788,81.23042
2023-11-26 22:00:00,915323.37194,-260118.84933,10.0,29.13578,81.23228
2023-11-26 22:30:00,915244.56285,-259782.27511,10.0,29.15398,81.23382
2023-11-26 23:00:00,915199.0483,-259463.70645,10.0,29.17169,81.23502
2023-11-26 23:30:00,915199.06176,-259167.94884,10.0,29.18883,81.23576
2023-11-27 00:00:00,915213.40239,-258905.27666,10.0,29.20429,81.23629
2023-11-27 00:30:00,915227.71267,-258678.50747,10.0,29.21767,81.23673
2023-11-27 01:00:00,915237.38524,-258492.01935,10.0,29.22864,81.23711
2023-11-27 01:30:00,915199.41418,-258317.79749,10.0,29.23812,81.23788
2023-11-27 02:00:00,915156.26206,-258157.83455,10.0,29.24669,81.23866
2023-11-27 02:30:00,915083.24157,-258023.44169,10.0,29.25329,81.23964
2023-11-27 03:00:00,914973.94572,-257861.09555,10.0,29.26092,81.24101
2023-11-27 03:30:00,914810.50252,-257681.98751,10.0,29.26864,81.2429
2023-11-27 04:00:00,914619.01527,-257465.75382,10.0,29.27806,81.24513
2023-11-27 04:30:00,914382.4893,-257216.43859,10.0,29.28867,81.24784
2023-11-27 05:00:00,914117.93585,-256913.7391,10.0,29.30193,81.25093
2023-11-27 05:30:00,913820.34925,-256559.25344,10.0,29.31767,81.25444
2023-11-27 06:00:00,913499.03134,-256139.85932,10.0,29.33681,81.25832
2023-11-27 06:30:00,913175.52784,-255703.64621,10.0,29.35691,81.26226
2023-11-27 07:00:00,912891.75215,-255213.92016,10.0,29.38079,81.26598
2023-11-27 07:30:00,912657.89182,-254641.98508,10.0,29.41029,81.26946
2023-11-27 08:00:00,912494.89842,-254058.26943,10.0,29.44165,81.27234
2023-11-27 08:30:00,912336.67629,-253440.04446,10.0,29.47512,81.27526
2023-11-27 09:00:00,912244.79286,-252781.10022,10.0,29.51206,81.27769
2023-11-27 09:30:00,912186.08704,-252098.77757,10.0,29.55092,81.27988
2023-11-27 10:00:00,912198.14054,-251395.86678,10.0,29.59214,81.28149
2023-11-27 10:30:00,912307.99675,-250762.73808,10.0,29.63087,81.28206
2023-11-27 11:00:00,912490.10562,-250194.02334,10.0,29.667,81.28183
2023-11-27 11:30:00,912831.53827,-249755.67179,10.0,29.69806,81.27987
2023-11-27 12:00:00,913234.06312,-249419.22573,10.0,29.72413,81.27712
2023-11-27 12:30:00,913619.39203,-249174.08684,10.0,29.74458,81.2743
2023-11-27 13:00:00,914051.66003,-249033.87272,10.0,29.75964,81.27081
2023-11-27 13:30:00,914468.51176,-249024.68859,10.0,29.7668,81.26714
2023-11-27 14:00:00,914832.43818,-249097.89405,10.0,29.76831,81.26374
2023-11-27 14:30:00,915075.64225,-249220.55706,10.0,29.76502,81.26129
2023-11-27 15:00:00,915183.71898,-249408.19314,10.0,29.7558,81.25988
2023-11-27 15:30:00,915157.88368,-249618.91043,10.0,29.74311,81.2596
2023-11-27 16:00:00,914947.70771,-249867.68792,10.0,29.72527,81.26086
2023-11-27 16:30:00,914571.10163,-250080.47711,10.0,29.70687,81.26368
2023-11-27 17:00:00,914123.72208,-250221.37709,10.0,29.69152,81.2673
2023-11-27 17:30:00,913546.25495,-250280.30168,10.0,29.67886,81.27227
2023-11-27 18:00:00,912922.04541,-250217.03699,10.0,29.67257,81.27795
2023-11-27 18:30:00,912302.45537,-250083.33855,10.0,29.67046,81.28376
2023-11-27 19:00:00,911615.34774,-249891.05191,10.0,29.67069,81.29031
2023-11-27 19:30:00,910991.70032,-249743.34705,10.0,29.66933,81.29619
2023-11-27 20:00:00,910329.45564,-249513.96644,10.0,29.67213,81.30261
2023-11-27 20:30:00,909700.20701,-249110.55142,10.0,29.68566,81.30916
2023-11-27 21:00:00,909163.03462,-248659.33889,10.0,29.70349,81.31501
2023-11-27 21:30:00,908765.79194,-248203.98069,10.0,29.72383,81.31963
2023-11-27 22:00:00,908484.81631,-247739.98907,10.0,29.74656,81.32324
2023-11-27 22:30:00,908308.95331,-247262.54006,10.0,29.77178,81.32595
2023-11-27 23:00:00,908226.46464,-246764.77554,10.0,29.7997,81.32788
2023-11-27 23:30:00,908261.45425,-246290.74178,10.0,29.82811,81.32871
2023-11-28 00:00:00,908412.15472,-245863.60087,10.0,29.85561,81.3284
2023-11-28 00:30:00,908626.93755,-245524.18404,10.0,29.87897,81.32731
2023-11-28 01:00:00,908955.28219,-245277.59334,10.0,29.89867,81.32499
2023-11-28 01:30:00,909307.39187,-245134.94072,10.0,29.91263,81.32221
2023-11-28 02:00:00,909634.03284,-245078.24948,10.0,29.92113,81.31945
2023-11-28 02:30:00,909869.95498,-245052.56226,10.0,29.92637,81.31742
2023-11-28 03:00:00,910050.47225,-245073.41278,10.0,29.928,81.31577
2023-11-28 03:30:00,910178.53247,-245209.44616,10.0,29.92204,81.31431
2023-11-28 04:00:00,910194.23232,-245385.60644,10.0,29.91195,81.31375
2023-11-28 04:30:00,910072.52243,-245539.8833,10.0,29.90097,81.31446
2023-11-28 05:00:00,909824.94142,-245675.47671,10.0,29.88909,81.31633
2023-11-28 05:30:00,909444.97837,-245774.69575,10.0,29.87724,81.31946
2023-11-28 06:00:00,909020.63306,-245795.87523,10.0,29.86926,81.32317
2023-11-28 06:30:00,908588.2715,-245771.54268,10.0,29.86382,81.32706
2023-11-28 07:00:00,908047.06988,-245623.95802,10.0,29.86389,81.33221
2023-11-28 07:30:00,907530.07373,-245386.8843,10.0,29.86961,81.33736
2023-11-28 08:00:00,907058.69524,-245118.76836,10.0,29.87789,81.34218
2023-11-28 08:30:00,906637.46421,-244794.40521,10.0,29.89029,81.34669
2023-11-28 09:00:00,906320.0292,-244356.91331,10.0,29.91102,81.35055
2023-11-28 09:30:00,906073.42261,-243907.2596,10.0,29.93361,81.35381
2023-11-28 10:00:00,905890.67017,-243429.28554,10.0,29.9589,81.35657
2023-11-28 10:30:00,905965.06918,-242916.83572,10.0,29.99031,81.35713
2023-11-28 11:00:00,906182.97921,-242389.46502,10.0,30.02487,81.35645
2023-11-28 11:30:00,906533.7427,-241819.15128,10.0,30.06405,81.35469
2023-11-28 12:00:00,906935.05392,-241205.40327,10.0,30.10657,81.35258
2023-11-28 12:30:00,907387.25187,-240610.21934,10.0,30.14877,81.34997
2023-11-28 13:00:00,907828.8402,-240019.0863,10.0,30.19054,81.34744
2023-11-28 13:30:00,908285.09505,-239413.09319,10.0,30.23339,81.34481
2023-11-28 14:00:00,908749.83814,-238854.16027,10.0,30.27357,81.34199
2023-11-28 14:30:00,909278.18464,-238287.02914,10.0,30.31519,81.33862
2023-11-28 15:00:00,909779.39349,-237727.01336,10.0,30.35594,81.33547
2023-11-28 15:30:00,910257.96016,-237178.57709,10.0,30.39563,81.33249
2023-11-28 16:00:00,910724.89087,-236690.45408,10.0,30.43156,81.32947
2023-11-28 16:30:00,911275.18458,-236265.60897,10.0,30.46501,81.32556
2023-11-28 17:00:00,911812.8742,-235918.65962,10.0,30.49365,81.32158
2023-11-28 17:30:00,912342.82548,-235605.10311,10.0,30.52018,81.31759
2023-11-28 18:00:00,912946.87286,-235422.21277,10.0,30.54012,81.31264
2023-11-28 18:30:00,913482.26675,-235330.74242,15.0,30.55362,81.30809
2023-11-28 19:00:00,913965.26675,-235276.572,10.0,30.56412,81.30392
2023-11-28 19:30:00,914445.75989,-235280.12118,10.0,30.57118,81.29964
2023-11-28 20:00:00,914933.27312,-235374.39793,10.0,30.57301,81.29509
2023-11-28 20:30:00,915352.81355,-235470.57539,10.0,30.5737,81.29114
2023-11-28 21:00:00,915727.48667,-235579.39775,10.0,30.57297,81.28756
2023-11-28 21:30:00,916115.01439,-235668.86443,10.0,30.57357,81.28391
2023-11-28 22:00:00,916521.30673,-235746.60637,10.0,30.57514,81.28012
2023-11-28 22:30:00,916967.29911,-235831.80536,10.0,30.57687,81.27596
2023-11-28 23:00:00,917444.4558,-235927.03869,10.0,30.57848,81.2715
2023-11-28 23:30:00,917907.63367,-236015.40436,10.0,30.58028,81.26718
2023-11-29 00:00:00,918389.58864,-236113.86431,10.0,30.58177,81.26267
2023-11-29 00:30:00,918907.31464,-236239.44623,10.0,30.58221,81.25778
2023-11-29 01:00:00,919503.87969,-236377.75964,10.0,30.58309,81.25216
2023-11-29 01:30:00,920122.88526,-236533.80632,10.0,30.58327,81.2463
2023-11-29 02:00:00,920760.49028,-236683.15154,10.0,30.58412,81.24029
2023-11-29 02:30:00,921406.57106,-236856.42835,10.0,30.5837,81.23415
2023-11-29 03:00:00,922082.36216,-237097.91758,10.0,30.57975,81.22759
2023-11-29 03:30:00,922726.55212,-237422.89895,10.0,30.57047,81.22112
2023-11-29 04:00:00,923351.7624,-237847.71025,10.0,30.55511,81.21459
2023-11-29 04:30:00,923893.16994,-238331.10177,10.0,30.53511,81.20867
2023-11-29 05:00:00,924319.94892,-238804.79199,10.0,30.51398,81.20379
2023-11-29 05:30:00,924650.69903,-239288.13306,10.0,30.49087,81.19974
2023-11-29 06:00:00,924879.91344,-239802.19921,10.0,30.46447,81.19652
2023-11-29 06:30:00,924985.69583,-240348.64495,10.0,30.43435,81.19432
2023-11-29 07:00:00,925023.97695,-240872.25716,10.0,30.40455,81.19277
2023-11-29 07:30:00,924995.08164,-241345.93123,10.0,30.37664,81.19193
2023-11-29 08:00:00,924876.96754,-241765.03628,10.5,30.35055,81.19201
2023-11-29 08:30:00,924699.5492,-242131.94095,10.0,30.32658,81.19273
2023-11-29 09:00:00,924476.04313,-242413.27581,10.0,30.30687,81.19406
2023-11-29 09:30:00,924271.35191,-242613.92053,10.0,30.29212,81.19541
2023-11-29 10:00:00,924101.73098,-242723.69993,10.0,30.28317,81.19666
2023-11-29 10:30:00,923997.47239,-242751.82709,10.0,30.27995,81.19752
2023-11-29 11:00:00,923968.74299,-242732.55661,10.5,30.28063,81.19782
2023-11-29 11:30:00,924052.47752,-242696.79838,10.0,30.28398,81.19716
2023-11-29 12:00:00,924223.04264,-242643.48353,10.0,30.28967,81.19577
2023-11-29 12:30:00,924501.02898,-242597.11481,10.0,30.29659,81.19341
2023-11-29 13:00:00,924886.20481,-242584.31638,10.0,30.30319,81.19002
2023-11-29 13:30:00,925373.33572,-242620.77063,10.0,30.30848,81.18561
2023-11-29 14:00:00,925920.07948,-242752.02985,10.0,30.30918,81.18045
2023-11-29 14:30:00,926476.83869,-242991.14726,10.0,30.30379,81.17495
2023-11-29 15:00:00,926990.96042,-243354.08304,10.0,30.2906,81.16954
2023-11-29 15:30:00,927432.84787,-243828.79828,10.0,30.26987,81.16451
2023-11-29 16:00:00,927672.18298,-244340.62437,10.0,30.24394,81.16119
2023-11-29 16:30:00,927742.76811,-244897.63163,10.0,30.21285,81.15926
2023-11-29 17:00:00,927656.57125,-245500.88538,10.0,30.17671,81.15861
2023-11-29 17:30:00,927442.35586,-246113.58229,10.0,30.13807,81.15907
2023-11-29 18:00:00,927138.98683,-246720.68045,10.0,30.09838,81.16033
2023-11-29 18:30:00,926756.06734,-247298.73018,10.0,30.05913,81.16236
2023-11-29 19:00:00,926275.66381,-247826.30176,10.0,30.02127,81.16537
2023-11-29 19:30:00,925700.17462,-248252.58034,10.0,29.98776,81.16946
2023-11-29 20:00:00,925115.28482,-248575.19803,10.5,29.96006,81.17388
2023-11-29 20:30:00,924509.53774,-248842.24417,10.0,29.93522,81.17861
2023-11-29 21:00:00,923924.94181,-249035.4721,10.0,29.91495,81.18333
2023-11-29 21:30:00,923393.98461,-249159.11754,10.0,29.89952,81.18774
2023-11-29 22:00:00,922910.5968,-249210.83181,10.0,29.88898,81.1919
2023-11-29 22:30:00,922505.32692,-249219.73374,10.0,29.88213,81.19547
2023-11-29 23:00:00,922181.07319,-249210.61625,10.5,29.87759,81.19837
2023-11-29 23:30:00,921929.97262,-249189.82012,10.0,29.87486,81.20064
2023-11-30 00:00:00,921758.90816,-249171.37658,10.0,29.87325,81.2022
2023-11-30 00:30:00,921677.3087,-249168.47917,10.0,29.87214,81.20293
2023-11-30 01:00:00,921682.13601,-249196.54059,10.0,29.87059,81.20282
2023-11-30 01:30:00,921753.98679,-249256.3644,10.0,29.86825,81.20204
2023-11-30 02:00:00,921857.18719,-249363.0059,10.0,29.86369,81.20087
2023-11-30 02:30:00,921982.38981,-249571.81727,10.0,29.85356,81.19926
2023-11-30 03:00:00,922122.22002,-249888.99914,10.0,29.83739,81.19726
2023-11-30 03:30:00,922229.71182,-250266.83183,10.0,29.81721,81.1954
2023-11-30 04:00:00,922308.2961,-250713.19002,10.0,29.79262,81.19363
2023-11-30 04:30:00,922364.57795,-251215.89889,10.0,29.76443,81.19192
2023-11-30 05:00:00,922379.89675,-251718.86285,10.0,29.73559,81.19057
2023-11-30 05:30:00,922348.37832,-252255.88829,10.0,29.70405,81.18955
2023-11-30 06:00:00,922293.35866,-252823.98143,10.0,29.67035,81.18866
2023-11-30 06:30:00,922176.49735,-253406.18685,10.0,29.63486,81.18828
2023-11-30 07:00:00,921970.3147,-253958.47461,10.0,29.59968,81.18876
2023-11-30 07:30:00,921684.34245,-254499.57219,15.0,29.56387,81.18997
2023-11-30 08:00:00,921295.6922,-255010.00065,10.0,29.52818,81.19216
2023-11-30 08:30:00,920831.70815,-255480.87106,10.0,29.49355,81.19511
2023-11-30 09:00:00,920329.55138,-255896.59543,10.0,29.46147,81.19853
2023-11-30 09:30:00,919793.57996,-256221.50251,10.0,29.43407,81.20247
2023-11-30 10:00:00,919250.30793,-256498.81048,10.0,29.40928,81.20659
2023-11-30 10:30:00,918779.70301,-256673.28195,10.0,29.39159,81.21032
2023-11-30 11:00:00,918369.28711,-256773.76965,10.0,29.37914,81.2137
2023-11-30 11:30:00,918086.6658,-256845.92334,10.0,29.37039,81.21602
2023-11-30 12:00:00,917933.66646,-256911.60946,10.0,29.36411,81.21721
2023-11-30 12:30:00,917892.50653,-256957.61682,10.0,29.36078,81.21746
2023-11-30 13:00:00,917942.25648,-257010.24411,10.0,29.35854,81.21689
2023-11-30 13:30:00,918065.03353,-257084.88121,10.0,29.35621,81.21562
2023-11-30 14:00:00,918276.06539,-257195.82816,10.0,29.35321,81.21348
2023-11-30 14:30:00,918569.88487,-257322.21216,10.0,29.35066,81.21057
2023-11-30 15:00:00,918937.72567,-257458.98637,10.0,29.34871,81.20698
2023-11-30 15:30:00,919353.70804,-257654.0999,10.0,29.34417,81.20282
2023-11-30 16:00:00,919800.24097,-257942.00651,10.0,29.33477,81.19816
2023-11-30 16:30:00,920220.85372,-258314.12067,10.0,29.3201,81.19352
2023-11-30 17:00:00,920601.08173,-258785.41721,10.0,29.29907,81.18899
2023-11-30 17:30:00,920904.36983,-259336.5643,10.0,29.27221,81.18494
2023-11-30 18:00:00,921126.35483,-259950.42552,10.0,29.24044,81.18145
2023-11-30 18:30:00,921233.35059,-260601.49103,10.0,29.20468,81.17888
2023-11-30 19:00:00,921214.2012,-261264.74782,10.0,29.16618,81.17739
2023-11-30 19:30:00,921072.06479,-261940.69767,10.0,29.12495,81.17695
2023-11-30 20:00:00,920778.14577,-262578.99739,10.0,29.0834,81.17794
2023-11-30 20:30:00,920356.37932,-263171.19274,10.0,29.04239,81.18017
2023-11-30 21:00:00,919857.77391,-263681.74989,10.0,29.00479,81.18328
2023-11-30 21:30:00,919316.79595,-264066.07157,10.0,28.97373,81.18708
2023-11-30 22:00:00,918776.77915,-264371.19787,10.0,28.94722,81.19107
2023-11-30 22:30:00,918292.40947,-264639.86983,10.0,28.92371,81.19466
2023-11-30 23:00:00,917888.02302,-264866.56136,10.0,28.90393,81.19765
2023-11-30 23:30:00,917593.86356,-265017.46158,10.0,28.89034,81.19986
2023-12-01 00:00:00,917395.40882,-265076.3744,10.0,28.88364,81.20146
2023-12-01 00:30:00,917337.40366,-264982.76747,10.0,28.88807,81.20221
2023-12-01 01:00:00,917396.8508,-264800.45345,10.0,28.89957,81.20215
2023-12-01 01:30:00,917544.46742,-264607.14002,10.0,28.91317,81.20134
2023-12-01 02:00:00,917736.01352,-264438.23653,10.0,28.92609,81.20008
2023-12-01 02:30:00,917975.57176,-264303.21691,10.0,28.93785,81.19831
2023-12-01 03:00:00,918260.43112,-264266.70128,10.0,28.94468,81.19589
2023-12-01 03:30:00,918575.26298,-264338.73182,10.0,28.94575,81.19293
2023-12-01 04:00:00,918900.03187,-264510.16557,10.0,28.94126,81.18963
2023-12-01 04:30:00,919183.80095,-264788.51332,10.0,28.92994,81.18642
2023-12-01 05:00:00,919425.60727,-265204.38759,10.0,28.91002,81.18323
2023-12-01 05:30:00,919612.23612,-265720.56646,10.0,28.88343,81.18027
2023-12-01 06:00:00,919736.11966,-266323.45643,10.0,28.85083,81.17764
2023-12-01 06:30:00,919757.06001,-266978.96516,10.0,28.81351,81.17578
2023-12-01 07:00:00,919662.2511,-267644.7687,10.0,28.77368,81.17491
2023-12-01 07:30:00,919441.92742,-268295.68008,10.0,28.73261,81.17518
2023-12-01 08:00:00,919087.43816,-268891.27257,10.0,28.69246,81.17677
2023-12-01 08:30:00,918614.88308,-269442.57821,10.0,28.65285,81.17951
2023-12-01 09:00:00,918073.6048,-269936.33818,10.0,28.61536,81.183
2023-12-01 09:30:00,917551.27926,-270310.37334,10.0,28.58504,81.18663
2023-12-01 10:00:00,917054.49276,-270523.7815,10.0,28.56436,81.19045
2023-12-01 10:30:00,916540.37787,-270626.18943,10.0,28.54975,81.19471
2023-12-01 11:00:00,916088.53167,-270613.76124,10.0,28.54279,81.19872
2023-12-01 11:30:00,915750.28456,-270562.84801,10.0,28.53997,81.20183
2023-12-01 12:00:00,915472.28286,-270454.13092,10.0,28.5415,81.20456
2023-12-01 12:30:00,915347.06472,-270289.6463,10.0,28.54884,81.20609
2023-12-01 13:00:00,915283.23518,-270090.58448,10.5,28.55922,81.20717
2023-12-01 13:30:00,915267.37269,-269874.52707,10.0,28.57139,81.20787
2023-12-01 14:00:00,915287.19619,-269668.54899,10.0,28.58359,81.20823
2023-12-01 14:30:00,915370.2421,-269479.11742,10.0,28.59591,81.20799
2023-12-01 15:00:00,915495.77228,-269353.56071,10.0,28.60527,81.20721
2023-12-01 15:30:00,915649.6831,-269312.89178,10.0,28.61022,81.20596
2023-12-01 16:00:00,915842.39582,-269344.91156,10.0,28.61164,81.20418
2023-12-01 16:30:00,916059.24295,-269468.61665,10.0,28.60819,81.20195
2023-12-01 17:00:00,916272.77411,-269692.33641,10.0,28.59893,81.19949
2023-12-01 17:30:00,916430.9247,-269988.31333,10.0,28.58458,81.19733
2023-12-01 18:00:00,916511.23384,-270340.05063,10.0,28.56571,81.19571
2023-12-01 18:30:00,916474.18384,-270746.4661,10.0,28.54171,81.19498
2023-12-01 19:00:00,916337.66531,-271177.44043,10.0,28.51461,81.19506
2023-12-01 19:30:00,916097.0726,-271598.42642,10.0,28.48631,81.19608
2023-12-01 20:00:00,915759.87561,-272010.9554,10.0,28.45684,81.19797
2023-12-01 20:30:00,915307.79415,-272357.94706,10.0,28.42916,81.20104
2023-12-01 21:00:00,914818.53977,-272546.62162,10.0,28.40993,81.20485
2023-12-01 21:30:00,914360.10077,-272635.41127,10.0,28.39696,81.20865
2023-12-01 22:00:00,913934.8472,-272666.16031,10.0,28.38789,81.21231
2023-12-01 22:30:00,913598.07168,-272644.17532,10.0,28.38337,81.21533
2023-12-01 23:00:00,913346.54457,-272557.48077,10.0,28.38404,81.21777
2023-12-01 23:30:00,913149.9579,-272416.20007,10.0,28.3888,81.21987
2023-12-02 00:00:00,913000.96532,-272248.72316,10.0,28.39589,81.22162
2023-12-02 00:30:00,912894.18312,-272080.69177,10.0,28.40374,81.223
2023-12-02 01:00:00,912833.16842,-271915.40939,10.0,28.41222,81.22397
2023-12-02 01:30:00,912789.87403,-271751.6198,10.5,28.42092,81.22478
2023-12-02 02:00:00,912791.06901,-271598.66816,10.0,28.42976,81.22517
2023-12-02 02:30:00,912826.55499,-271456.44784,10.0,28.43857,81.22523
2023-12-02 03:00:00,912905.92697,-271330.91465,10.0,28.44717,81.22486
2023-12-02 03:30:00,913023.83467,-271228.6082,10.0,28.45509,81.22409
2023-12-02 04:00:00,913172.07951,-271171.28742,10.5,28.46093,81.22294
2023-12-02 04:30:00,913344.13105,-271171.79923,10.0,28.46385,81.22142
2023-12-02 05:00:00,913505.11628,-271238.15937,10.0,28.46278,81.21983
2023-12-02 05:30:00,913637.85275,-271365.20047,10.0,28.45773,81.21833
2023-12-02 06:00:00,913727.22259,-271554.01644,10.0,28.44838,81.21705
2023-12-02 06:30:00,913754.2464,-271784.22717,10.0,28.43558,81.21621
2023-12-02 07:00:00,913696.06548,-272033.21212,10.0,28.42024,81.21607
2023-12-02 07:30:00,913557.32588,-272273.82225,10.0,28.404,81.21666
2023-12-02 08:00:00,913338.19729,-272474.96066,10.0,28.38865,81.21806
2023-12-02 08:30:00,913120.9504,-272581.97658,10.0,28.37875,81.21969
2023-12-02 09:00:00,912920.27259,-272610.57522,15.0,28.37365,81.22138
2023-12-02 09:30:00,912764.5575,-272625.09233,25.0,28.37013,81.22271
2023-12-02 10:00:00,912627.7275,-272566.06905,10.0,28.37118,81.22407
2023-12-02 10:30:00,912527.74248,-272485.90121,15.0,28.37408,81.22516
2023-12-02 11:00:00,912404.6544,-272380.29068,20.0,28.37805,81.22652
2023-12-02 11:30:00,912296.47236,-272236.14551,20.0,28.3845,81.22785
2023-12-02 12:00:00,912241.74958,-272099.48476,20.0,28.39144,81.22869
2023-12-02 12:30:00,912178.04082,-271905.21483,20.0,28.40155,81.22976
2023-12-02 13:00:00,912133.7441,-271691.46533,15.0,28.41312,81.23071
2023-12-02 13:30:00,912107.75017,-271450.45451,15.0,28.42658,81.23157
2023-12-02 14:00:00,912080.85681,-271170.23837,10.0,28.44229,81.23254
2023-12-02 14:30:00,912091.43362,-270880.42035,15.0,28.4592,81.2332
2023-12-02 15:00:00,912167.72723,-270594.56068,15.0,28.47701,81.23328
2023-12-02 15:30:00,912289.08806,-270307.85401,15.0,28.49564,81.23296
2023-12-02 16:00:00,912447.20428,-270040.51153,15.5,28.51378,81.23227
2023-12-02 16:30:00,912633.83208,-269787.90868,10.0,28.53155,81.23128
2023-12-02 17:00:00,912850.19601,-269615.9292,15.0,28.54517,81.22982
2023-12-02 17:30:00,913071.21368,-269514.70707,20.0,28.55478,81.22814
2023-12-02 18:00:00,913272.3527,-269433.55067,20.0,28.56289,81.22658
2023-12-02 18:30:00,913445.34924,-269370.73238,15.0,28.56946,81.22522
2023-12-02 19:00:00,913599.32482,-269295.33954,10.0,28.57643,81.22406
2023-12-02 19:30:00,913703.39847,-269165.69673,15.0,28.58568,81.22348
2023-12-02 20:00:00,913750.67126,-269043.74569,10.0,28.59352,81.22338
2023-12-02 20:30:00,913807.65654,-268850.13144,10.0,28.60566,81.22338
2023-12-02 21:00:00,913848.56271,-268591.31633,10.0,28.62129,81.22369
2023-12-02 21:30:00,913911.42704,-268323.20118,10.0,28.63783,81.22383
2023-12-02 22:00:00,914064.52233,-268111.01251,10.0,28.65267,81.22303
2023-12-02 22:30:00,914273.48146,-267932.64759,10.0,28.6665,81.22165
2023-12-02 23:00:00,914513.48773,-267721.7069,10.0,28.68273,81.22008
2023-12-02 23:30:00,914795.16922,-267530.99863,10.0,28.69849,81.21809
2023-12-03 00:00:00,915102.79871,-267344.45321,10.0,28.71444,81.21586
2023-12-03 00:30:00,915440.9901,-267154.02928,10.0,28.73112,81.21337
2023-12-03 01:00:00,915843.30969,-266961.32384,10.0,28.749,81.21032
2023-12-03 01:30:00,916298.08492,-266782.98112,10.0,28.76692,81.20677
2023-12-03 02:00:00,916809.04744,-266629.57734,10.0,28.78433,81.20266
2023-12-03 02:30:00,917376.05371,-266513.35276,10.0,28.80052,81.19796
2023-12-03 03:00:00,917975.9915,-266486.64023,10.0,28.81209,81.19274
2023-12-03 03:30:00,918597.76274,-266556.58265,10.0,28.81845,81.18708
2023-12-03 04:00:00,919251.64553,-266754.32653,10.0,28.81799,81.18081
2023-12-03 04:30:00,919907.21783,-267051.79767,10.0,28.81183,81.17427
2023-12-03 05:00:00,920576.10325,-267455.74054,10.0,28.79979,81.16734
2023-12-03 05:30:00,921240.57572,-267929.35606,10.0,28.7837,81.16027
2023-12-03 06:00:00,921868.43427,-268438.84009,10.0,28.76497,81.15343
2023-12-03 06:30:00,922472.60672,-269005.86264,10.0,28.74258,81.14665
2023-12-03 07:00:00,923041.00592,-269609.37295,10.0,28.71754,81.14009
2023-12-03 07:30:00,923545.52636,-270224.94352,10.0,28.69078,81.13406
2023-12-03 08:00:00,923985.45194,-270874.23225,10.0,28.66105,81.12851
2023-12-03 08:30:00,924388.21945,-271571.7972,10.0,28.62798,81.12316
2023-12-03 09:00:00,924741.17536,-272306.26176,10.0,28.59201,81.11815
2023-12-03 09:30:00,925008.92282,-273027.87552,10.0,28.55538,81.11392
2023-12-03 10:00:00,925239.24626,-273748.90011,10.5,28.51819,81.11002
2023-12-03 10:30:00,925444.6592,-274496.78594,10.0,28.47908,81.10626
2023-12-03 11:00:00,925646.68324,-275240.23664,10.0,28.4402,81.10254
2023-12-03 11:30:00,925834.63964,-276052.20799,10.0,28.39722,81.09876
2023-12-03 12:00:00,926022.19102,-276882.66271,10.0,28.35322,81.09493
2023-12-03 12:30:00,926263.14048,-277730.32643,10.0,28.30919,81.09058
2023-12-03 13:00:00,926531.76001,-278571.0251,10.0,28.26607,81.086
2023-12-03 13:30:00,926822.55797,-279355.14002,10.0,28.22658,81.08137
2023-12-03 14:00:00,927129.64854,-280064.91195,10.0,28.19162,81.07679
2023-12-03 14:30:00,927455.93831,-280676.17174,10.0,28.1626,81.0723
2023-12-03 15:00:00,927786.8134,-281196.33821,10.0,28.13884,81.06801
2023-12-03 15:30:00,928138.72963,-281672.87644,10.0,28.11793,81.06365
2023-12-03 16:00:00,928493.78578,-282101.16722,10.0,28.09982,81.05939
2023-12-03 16:30:00,928831.38107,-282492.92831,10.0,28.08349,81.05538
2023-12-03 17:00:00,929187.62404,-282980.2955,10.0,28.0621,81.05095
2023-12-03 17:30:00,929499.66276,-283574.78322,10.0,28.03393,81.04662
2023-12-03 18:00:00,929792.69536,-284260.47604,10.0,28.00032,81.04221
2023-12-03 18:30:00,930068.13707,-285065.66864,10.0,27.95971,81.03763
2023-12-03 19:00:00,930284.33766,-285965.52798,10.0,27.91279,81.03331
2023-12-03 19:30:00,930411.81828,-286895.74684,10.0,27.86267,81.02968
2023-12-03 20:00:00,930458.60812,-287885.18467,10.0,27.80786,81.02659
2023-12-03 20:30:00,930355.94286,-288878.92612,10.0,27.75024,81.02479
2023-12-03 21:00:00,930085.7546,-289864.87002,10.0,27.69015,81.02447
2023-12-03 21:30:00,929692.71483,-290823.86411,10.0,27.62942,81.02529
2023-12-03 22:00:00,929132.30644,-291697.50895,10.0,27.57052,81.0278
2023-12-03 22:30:00,928570.97013,-292436.4841,10.0,27.51913,81.03068
2023-12-03 23:00:00,928020.81841,-293043.38197,10.0,27.47532,81.03382
2023-12-03 23:30:00,927420.17238,-293584.05754,10.0,27.4343,81.03758
2023-12-04 00:00:00,926846.46731,-294063.40514,10.0,27.39717,81.04127
2023-12-04 00:30:00,926336.69425,-294451.80845,10.0,27.36626,81.04465
2023-12-04 01:00:00,925887.53026,-294785.41171,10.0,27.33949,81.04765
2023-12-04 01:30:00,925503.62858,-295081.43233,10.5,27.31598,81.05018
2023-12-04 02:00:00,925205.12073,-295372.57311,10.0,27.29427,81.05198
2023-12-04 02:30:00,924946.45392,-295598.65748,10.0,27.27692,81.05361
2023-12-04 03:00:00,924731.01876,-295807.3248,10.0,27.26132,81.05491
2023-12-04 03:30:00,924623.51834,-296010.97217,10.0,27.24794,81.05528
2023-12-04 04:00:00,924589.04717,-296309.4572,10.5,27.23054,81.05475
2023-12-04 04:30:00,924588.7463,-296679.95858,10.0,27.20972,81.05371
2023-12-04 05:00:00,924619.48219,-297115.27956,10.0,27.18582,81.05222
2023-12-04 05:30:00,924636.91704,-297616.27591,10.0,27.158,81.05066
2023-12-04 06:00:00,924637.61423,-298143.58314,10.0,27.12841,81.04917
2023-12-04 06:30:00,924621.21524,-298730.05943,10.0,27.0952,81.04766
2023-12-04 07:00:00,924569.90493,-299359.63245,10.0,27.05895,81.04633
2023-12-04 07:30:00,924438.98845,-300005.57338,10.5,27.02034,81.04564
2023-12-04 08:00:00,924230.14652,-300713.48607,10.0,26.97685,81.04546
2023-12-04 08:30:00,923930.48691,-301408.13888,10.0,26.93244,81.0461
2023-12-04 09:00:00,923502.27922,-302132.89656,10.0,26.88398,81.04777
2023-12-04 09:30:00,922945.35799,-302810.81826,10.0,26.83576,81.05069
2023-12-04 10:00:00,922291.77419,-303421.22875,10.0,26.78951,81.05464
2023-12-04 10:30:00,921575.98158,-303932.98513,10.0,26.7476,81.05941
2023-12-04 11:00:00,920789.70585,-304392.47178,10.0,26.70727,81.06494
2023-12-04 11:30:00,920012.82189,-304790.91637,10.0,26.67049,81.07056
2023-12-04 12:00:00,919283.66325,-305106.58725,10.0,26.6392,81.076
2023-12-04 12:30:00,918653.06061,-305352.85444,10.0,26.61361,81.08078
2023-12-04 13:00:00,918099.32459,-305519.38371,10.0,26.59391,81.08512
2023-12-04 13:30:00,917649.99841,-305675.5156,10.0,26.57673,81.08858
2023-12-04 14:00:00,917285.50258,-305807.75016,10.0,26.56247,81.09137
2023-12-04 14:30:00,916970.62914,-305911.56245,10.0,26.55073,81.09381
2023-12-04 15:00:00,916705.13884,-306001.51571,10.0,26.54069,81.09586
2023-12-04 15:30:00,916506.63988,-306100.60405,10.0,26.53139,81.0973
2023-12-04 16:00:00,916336.80064,-306199.79299,10.0,26.52262,81.09849
2023-12-04 16:30:00,916203.08532,-306293.95036,10.0,26.51481,81.09938
2023-12-04 17:00:00,916094.50819,-306443.42071,10.0,26.50436,81.09989
2023-12-04 17:30:00,916006.2423,-306621.35797,10.0,26.49269,81.10014
2023-12-04 18:00:00,915899.41103,-306830.57905,10.0,26.47891,81.10046
2023-12-04 18:30:00,915787.31537,-307075.88969,10.0,26.463,81.10072
2023-12-04 19:00:00,915645.50738,-307329.46156,10.5,26.44606,81.10121
2023-12-04 19:30:00,915468.80759,-307600.21311,10.0,26.4275,81.10196
2023-12-04 20:00:00,915258.48001,-307866.82363,10.0,26.40853,81.10301
2023-12-04 20:30:00,915019.34681,-308146.94756,10.0,26.38825,81.10427
2023-12-04 21:00:00,914718.7793,-308424.74678,10.0,26.36693,81.10607
2023-12-04 21:30:00,914375.71848,-308674.71329,10.0,26.34636,81.10832
2023-12-04 22:00:00,913989.87325,-308913.50344,10.5,26.32559,81.11097
2023-12-04 22:30:00,913538.42298,-309130.75366,10.0,26.30478,81.11426
2023-12-04 23:00:00,913079.31931,-309324.79871,10.0,26.28511,81.11768
2023-12-04 23:30:00,912631.38283,-309458.42426,10.0,26.26904,81.12118
2023-12-05 00:00:00,912284.96494,-309574.07587,10.0,26.25591,81.12385
2023-12-05 00:30:00,911950.91021,-309646.38774,10.0,26.24545,81.12654
2023-12-05 01:00:00,911663.04748,-309680.85918,10.0,26.238,81.12894
2023-12-05 01:30:00,911383.77718,-309683.22422,10.0,26.23252,81.13136
2023-12-05 02:00:00,911152.21471,-309684.01216,10.0,26.22804,81.13337
2023-12-05 02:30:00,910944.82055,-309694.93144,10.0,26.22345,81.13514
2023-12-05 03:00:00,910783.10113,-309689.96066,10.0,26.22063,81.13656
2023-12-05 03:30:00,910639.6949,-309702.19556,10.0,26.21719,81.13777
2023-12-05 04:00:00,910507.14399,-309756.93574,10.0,26.21156,81.13876
2023-12-05 04:30:00,910390.68142,-309835.39008,10.0,26.2049,81.13954
2023-12-05 05:00:00,910286.8563,-309913.87114,10.0,26.19848,81.14021
2023-12-05 05:30:00,910174.7403,-310009.89878,10.0,26.19091,81.1409
2023-12-05 06:00:00,910045.93515,-310144.71537,10.0,26.18083,81.14162
2023-12-05 06:30:00,909894.8345,-310317.81438,10.0,26.16816,81.14242
2023-12-05 07:00:00,909724.00978,-310501.33637,10.0,26.15452,81.14336
2023-12-05 07:30:00,909543.71512,-310719.15324,10.0,26.13876,81.14428
2023-12-05 08:00:00,909306.83205,-310927.13469,10.0,26.12246,81.14572
2023-12-05 08:30:00,909012.28076,-311141.87029,10.0,26.10466,81.14764
2023-12-05 09:00:00,908665.87156,-311353.05442,10.0,26.08605,81.15002
2023-12-05 09:30:00,908275.45939,-311514.241,10.0,26.0694,81.15293
2023-12-05 10:00:00,907832.25306,-311604.15069,10.0,26.05574,81.15651
2023-12-05 10:30:00,907363.52018,-311734.67041,10.0,26.03928,81.16019
2023-12-05 11:00:00,906890.13428,-311901.93294,10.0,26.02064,81.1638
2023-12-05 11:30:00,906432.84293,-312072.34257,10.0,26.00212,81.16726
2023-12-05 12:00:00,905990.04587,-312156.91603,10.0,25.98872,81.17085
2023-12-05 12:30:00,905509.92765,-312149.03215,10.0,25.97981,81.17504
2023-12-05 13:00:00,905042.65298,-312093.81781,10.0,25.97382,81.17926
2023-12-05 13:30:00,904638.34345,-312016.4067,10.0,25.97031,81.183
2023-12-05 14:00:00,904214.13757,-311863.03144,9.5,25.97071,81.18714
2023-12-05 14:30:00,903806.15363,-311652.59878,10.0,25.97466,81.19131
2023-12-05 15:00:00,903458.34198,-311434.74896,10.0,25.98021,81.19498
2023-12-05 15:30:00,903130.51884,-311195.65436,10.0,25.98736,81.19854
2023-12-05 16:00:00,902846.74721,-310977.50868,10.5,25.99419,81.20165
2023-12-05 16:30:00,902604.63734,-310775.48913,10.0,26.00092,81.20436
2023-12-05 17:00:00,902398.24577,-310615.28747,10.0,26.00598,81.20663
2023-12-05 17:30:00,902195.14316,-310468.94364,10.0,26.01032,81.20883
2023-12-05 18:00:00,902003.57971,-310349.3205,10.0,26.01337,81.21085
2023-12-05 18:30:00,901833.92387,-310269.82379,10.0,26.01457,81.21256
2023-12-05 19:00:00,901656.18666,-310187.02719,10.0,26.0158,81.21435
2023-12-05 19:30:00,901463.38047,-310111.1966,10.0,26.01634,81.21625
2023-12-05 20:00:00,901257.08127,-310044.44983,9.5,26.0161,81.21824
2023-12-05 20:30:00,901044.56135,-309995.78672,10.0,26.01471,81.22023
2023-12-05 21:00:00,900770.30988,-309952.42254,10.0,26.01181,81.22274
2023-12-05 21:30:00,900460.07393,-309906.48829,10.0,26.00835,81.22557
2023-12-05 22:00:00,900112.55425,-309855.06044,10.0,26.00447,81.22874
2023-12-05 22:30:00,899765.14153,-309786.58141,10.0,26.00156,81.23196
2023-12-05 23:00:00,899396.76956,-309722.08499,10.0,25.99801,81.23535
2023-12-05 23:30:00,899012.77629,-309629.34192,10.0,25.99576,81.23896
2023-12-06 00:00:00,898655.20161,-309553.56166,10.0,25.99306,81.24229
2023-12-06 00:30:00,898370.76797,-309506.27618,10.0,25.99017,81.2449
2023-12-06 01:00:00,898190.3488,-309431.31626,10.0,25.9909,81.24669
2023-12-06 01:30:00,898037.81228,-309338.96513,10.0,25.99317,81.24829
2023-12-06 02:00:00,897888.04521,-309255.2957,10.0,25.995,81.24984
2023-12-06 02:30:00,897748.17494,-309199.75936,10.0,25.99542,81.25122
2023-12-06 03:00:00,897609.76096,-309139.99529,10.0,25.99611,81.2526
2023-12-06 03:30:00,897499.13031,-309073.15738,10.0,25.99775,81.25376
2023-12-06 04:00:00,897418.54531,-308992.67074,10.0,26.00076,81.2547
2023-12-06 04:30:00,897351.71655,-308912.3765,10.0,26.00403,81.25552
2023-12-06 05:00:00,897285.07279,-308848.27133,10.0,26.00638,81.25629
2023-12-06 05:30:00,897199.72329,-308808.38522,10.0,26.00698,81.25715
2023-12-06 06:00:00,897093.27608,-308786.28214,10.0,26.00615,81.25814
2023-12-06 06:30:00,896981.78227,-308788.87935,10.0,26.00381,81.2591
2023-12-06 07:00:00,896871.27198,-308795.30794,10.0,26.00127,81.26004
2023-12-06 07:30:00,896722.83316,-308798.11975,10.0,25.99819,81.26132
2023-12-06 08:00:00,896537.09066,-308782.1162,10.0,25.99545,81.26298
2023-12-06 08:30:00,896335.87863,-308747.46538,10.0,25.99347,81.26483
2023-12-06 09:00:00,896121.84497,-308719.93053,10.0,25.99083,81.26677
2023-12-06 09:30:00,895925.27709,-308701.89171,10.0,25.98799,81.26853
2023-12-06 10:00:00,895768.90825,-308684.21819,10.0,25.98592,81.26994
2023-12-06 10:30:00,895646.00836,-308632.94758,10.0,25.98643,81.27116
2023-12-06 11:00:00,895518.55076,-308578.18556,10.0,25.98705,81.27243
2023-12-06 11:30:00,895334.58978,-308546.96337,10.0,25.98521,81.27412
2023-12-06 12:00:00,895160.05476,-308488.38885,10.0,25.98512,81.27581
2023-12-06 12:30:00,895000.09305,-308430.99129,10.0,25.98525,81.27737
2023-12-06 13:00:00,894862.36099,-308359.23924,10.0,25.98664,81.27878
2023-12-06 13:30:00,894741.70464,-308271.36643,10.0,25.98929,81.28009
2023-12-06 14:00:00,894671.33902,-308198.03712,10.0,25.9921,81.28092
2023-12-06 14:30:00,894602.43676,-308127.14246,10.0,25.9948,81.28173
2023-12-06 15:00:00,894503.15729,-308060.81413,10.0,25.99664,81.28279
2023-12-06 15:30:00,894412.0538,-307974.08542,10.0,25.99981,81.28384
2023-12-06 16:00:00,894294.03885,-307891.89743,10.0,26.00219,81.28511
2023-12-06 16:30:00,894208.92296,-307801.14666,10.0,26.00571,81.28612
2023-12-06 17:00:00,894123.33127,-307698.37799,10.0,26.00991,81.28717
2023-12-06 17:30:00,894038.4073,-307586.95682,10.0,26.01462,81.28824
2023-12-06 18:00:00,893961.48159,-307485.99119,10.5,26.01889,81.28921
2023-12-06 18:30:00,893882.6122,-307400.23588,10.0,26.02225,81.29015
2023-12-06 19:00:00,893796.15596,-307309.97285,10.0,26.02572,81.29117
2023-12-06 19:30:00,893707.85776,-307221.70707,10.0,26.02904,81.2922
2023-12-06 20:00:00,893624.10193,-307133.6211,10.0,26.03244,81.29319
2023-12-06 20:30:00,893538.07618,-307048.7791,10.0,26.03561,81.29419
2023-12-06 21:00:00,893431.42334,-306966.97472,10.0,26.0382,81.29536
2023-12-06 21:30:00,893288.10641,-306871.19279,10.5,26.04087,81.29689
2023-12-06 22:00:00,893111.89125,-306797.41293,10.0,26.04163,81.29864
2023-12-06 22:30:00,892931.31233,-306729.63156,10.0,26.04196,81.30041
2023-12-06 23:00:00,892719.26436,-306672.99139,10.0,26.04103,81.30242
2023-12-06 23:30:00,892491.19099,-306629.47279,10.0,26.03903,81.30453
2023-12-07 00:00:00,892248.70755,-306595.83078,10.5,26.03618,81.30674
2023-12-07 00:30:00,891994.79026,-306545.61035,10.0,26.03405,81.30909
2023-12-07 01:00:00,891774.98557,-306494.78356,10.0,26.03263,81.31115
2023-12-07 01:30:00,891577.15181,-306453.75874,10.0,26.03108,81.31299
2023-12-07 02:00:00,891420.41865,-306427.19877,10.0,26.02951,81.31443
2023-12-07 02:30:00,891245.951,-306405.31696,10.0,26.02732,81.31601
2023-12-07 03:00:00,891070.79148,-306385.44416,10.0,26.025,81.31759
2023-12-07 03:30:00,890917.19901,-306369.84331,10.5,26.02286,81.31897
2023-12-07 04:00:00,890711.57851,-306364.84807,10.0,26.01908,81.32077
2023-12-07 04:30:00,890519.89592,-306339.41677,10.0,26.01675,81.32251
2023-12-07 05:00:00,890316.27071,-306305.16822,10.0,26.01469,81.32438
2023-12-07 05:30:00,890150.84774,-306267.02105,10.0,26.01361,81.32593
2023-12-07 06:00:00,889988.42437,-306233.54745,10.0,26.01232,81.32744
2023-12-07 06:30:00,889826.5231,-306195.20855,10.0,26.01132,81.32896
2023-12-07 07:00:00,889664.54626,-306163.78411,10.0,26.00992,81.33046
2023-12-07 07:30:00,889491.60721,-306137.43382,10.0,26.00801,81.33204
2023-12-07 08:00:00,889301.86848,-306129.76688,10.0,26.00469,81.33371
2023-12-07 08:30:00,889111.22571,-306124.71715,10.0,26.0012,81.33538
2023-12-07 09:00:00,888901.26272,-306118.89105,10.0,25.99737,81.33722
2023-12-07 09:30:00,888662.55874,-306120.87578,10.5,25.99252,81.33929
2023-12-07 10:00:00,888406.16768,-306128.09126,10.0,25.98701,81.34149
2023-12-07 10:30:00,888129.4668,-306152.05833,10.0,25.98013,81.34382
2023-12-07 11:00:00,887797.40555,-306186.17088,10.0,25.97156,81.3466
2023-12-07 11:30:00,887408.42446,-306231.5724,10.0,25.9612,81.34984
2023-12-07 12:00:00,886957.12945,-306303.83614,10.0,25.94804,81.35354
2023-12-07 12:30:00,886551.42679,-306380.7483,10.0,25.93551,81.35683
2023-12-07 13:00:00,886066.71253,-306422.72474,10.0,25.92341,81.36091
2023-12-07 13:30:00,885516.80249,-306429.82672,10.0,25.91201,81.36566
2023-12-07 14:00:00,884990.94954,-306423.93763,10.0,25.90183,81.37024
2023-12-07 14:30:00,884485.43465,-306395.86003,10.0,25.89333,81.37471
2023-12-07 15:00:00,883938.1843,-306338.47643,10.0,25.88568,81.37963
2023-12-07 15:30:00,883354.49603,-306263.12674,10.0,25.87833,81.38492
2023-12-07 16:00:00,882817.0297,-306187.42668,10.0,25.87192,81.38981
2023-12-07 16:30:00,882372.90781,-306118.45089,10.0,25.86699,81.39387
2023-12-07 17:00:00,881954.19306,-306042.68946,10.0,25.86296,81.39773
2023-12-07 17:30:00,881590.15669,-305965.50008,10.0,25.86011,81.40112
2023-12-07 18:00:00,881202.13162,-305877.70465,10.0,25.85739,81.40475
2023-12-07 18:30:00,880851.76361,-305781.06506,10.0,25.85594,81.40808
2023-12-07 19:00:00,880516.88176,-305676.3507,10.0,25.85527,81.4113
2023-12-07 19:30:00,880203.58593,-305562.59629,10.0,25.85556,81.41436
2023-12-07 20:00:00,879892.97696,-305434.46341,10.0,25.85674,81.41744
2023-12-07 20:30:00,879611.46042,-305308.8745,10.0,25.85836,81.42026
2023-12-07 21:00:00,879341.01226,-305171.32513,10.0,25.8609,81.42302
2023-12-07 21:30:00,879082.45948,-305026.0704,10.0,25.86413,81.4257
2023-12-07 22:00:00,878831.5075,-304866.85668,15.0,25.86833,81.42836
2023-12-07 22:30:00,878571.23073,-304692.00902,10.0,25.87325,81.43114
2023-12-07 23:00:00,878328.10865,-304522.17202,10.0,25.87823,81.43376
2023-12-07 23:30:00,878060.17369,-304364.04335,10.0,25.88203,81.43656
2023-12-08 00:00:00,877800.85457,-304220.95582,10.0,25.88513,81.43924
2023-12-08 00:30:00,877506.58835,-304065.62061,10.0,25.88824,81.44226
2023-12-08 01:00:00,877256.67581,-303902.02443,10.0,25.89273,81.44492
2023-12-08 01:30:00,876911.82251,-303709.70876,10.0,25.89698,81.44849
2023-12-08 02:00:00,876555.80747,-303539.63171,10.0,25.89971,81.45209
2023-12-08 02:30:00,876199.5912,-303373.46348,10.0,25.90221,81.45568
2023-12-08 03:00:00,875858.29537,-303217.46106,10.0,25.90442,81.45911
2023-12-08 03:30:00,875503.88031,-303049.41893,10.0,25.90707,81.46269
2023-12-08 04:00:00,875108.54435,-302879.73783,10.0,25.90899,81.46663
2023-12-08 04:30:00,874785.11538,-302718.73036,10.0,25.91186,81.46992
2023-12-08 05:00:00,874456.63245,-302562.33526,10.0,25.91436,81.47324
2023-12-08 05:30:00,874146.92835,-302418.27824,10.0,25.91652,81.47636
2023-12-08 06:00:00,873868.27629,-302281.06205,10.0,25.91891,81.47919
2023-12-08 06:30:00,873589.40256,-302137.8216,10.0,25.92165,81.48204
2023-12-08 07:00:00,873274.35573,-301965.89293,10.0,25.92534,81.48529
2023-12-08 07:30:00,872954.67217,-301790.70383,10.0,25.92913,81.48859
2023-12-08 08:00:00,872667.76218,-301610.69494,10.0,25.93387,81.49162
2023-12-08 08:30:00,872354.9777,-301408.85071,10.0,25.93937,81.49494
2023-12-08 09:00:00,872052.38787,-301197.48352,10.0,25.94564,81.4982
2023-12-08 09:30:00,871740.13142,-300984.05296,10.0,25.95184,81.50155
2023-12-08 10:00:00,871464.01604,-300776.03075,10.0,25.95846,81.50457
2023-12-08 10:30:00,871201.77903,-300587.85062,10.0,25.9642,81.50741
2023-12-08 11:00:00,870931.77848,-300408.79453,10.0,25.96925,81.51029
2023-12-08 11:30:00,870668.46409,-300257.09705,10.0,25.97283,81.51303
2023-12-08 12:00:00,870421.8855,-300116.98856,10.0,25.97607,81.51559
2023-12-08 12:30:00,870137.899,-299988.4858,10.0,25.97787,81.51844
2023-12-08 13:00:00,869811.27857,-299866.70811,10.0,25.97841,81.52164
2023-12-08 13:30:00,869448.24303,-299746.98497,10.0,25.97809,81.52515
2023-12-08 14:00:00,869102.5716,-299630.35862,10.0,25.97794,81.5285
2023-12-08 14:30:00,868781.43748,-299526.0918,10.0,25.97756,81.5316
2023-12-08 15:00:00,868408.16233,-299426.05887,10.0,25.97587,81.53514
2023-12-08 15:30:00,868010.74737,-299319.2033,10.0,25.97409,81.53891
2023-12-08 16:00:00,867622.62181,-299212.1356,25.0,25.97251,81.5426
2023-12-08 16:30:00,867205.77735,-299085.30812,25.0,25.97151,81.5466
2023-12-08 17:00:00,866732.87152,-298916.29466,10.0,25.97186,81.55121
2023-12-08 17:30:00,866255.00085,-298765.52942,10.0,25.97103,81.55581
2023-12-08 18:00:00,865745.60307,-298599.30977,10.0,25.97047,81.56073
2023-12-08 18:30:00,865262.35139,-298444.12502,10.0,25.96979,81.56539
2023-12-08 19:00:00,864790.60578,-298242.22958,10.0,25.97211,81.57009
2023-12-08 19:30:00,864344.22659,-298000.17555,10.0,25.97733,81.57469
2023-12-08 20:00:00,863965.65961,-297745.15122,10.0,25.98471,81.57874
2023-12-08 20:30:00,863615.69055,-297470.59102,10.0,25.99384,81.5826
2023-12-08 21:00:00,863355.30313,-297196.67527,10.0,26.00477,81.58568
2023-12-08 21:30:00,863137.99547,-296907.89541,10.0,26.01747,81.58843
2023-12-08 22:00:00,862969.75473,-296616.92317,10.0,26.03131,81.59076
2023-12-08 22:30:00,862840.33168,-296316.68424,10.0,26.0465,81.59278
2023-12-08 23:00:00,862731.41957,-296013.50825,10.0,26.06229,81.59463
2023-12-08 23:30:00,862633.27448,-295712.28984,10.0,26.07819,81.59638
2023-12-09 00:00:00,862550.12335,-295407.40382,10.0,26.09462,81.59801
2023-12-09 00:30:00,862479.59088,-295082.22449,10.0,26.11252,81.59959
2023-12-09 01:00:00,862435.57185,-294760.00065,10.0,26.13079,81.60093
2023-12-09 01:30:00,862415.8609,-294450.54409,10.0,26.1488,81.60202
2023-12-09 02:00:00,862415.02832,-294169.78541,10.0,26.16549,81.60286
2023-12-09 02:30:00,862421.71723,-293917.35046,10.0,26.18065,81.60355
2023-12-09 03:00:00,862430.38261,-293689.31518,10.0,26.1944,81.60415
2023-12-09 03:30:00,862438.87949,-293485.27303,10.0,26.20672,81.60468
2023-12-09 04:00:00,862439.03585,-293305.62582,10.0,26.21742,81.60521
2023-12-09 04:30:00,862436.8991,-293152.92773,10.0,26.22647,81.60568
2023-12-09 05:00:00,862432.32186,-293024.26645,10.0,26.23404,81.6061
2023-12-09 05:30:00,862410.59079,-292922.36127,10.0,26.23967,81.60659
2023-12-09 06:00:00,862374.3467,-292829.30436,10.0,26.24448,81.60718
2023-12-09 06:30:00,862343.66647,-292740.16182,10.0,26.24917,81.60771
2023-12-09 07:00:00,862326.96278,-292660.63995,10.0,26.25357,81.60809
2023-12-09 07:30:00,862289.37207,-292591.82728,10.0,26.25691,81.60862
2023-12-09 08:00:00,862204.12872,-292521.11863,10.0,26.2594,81.60957
2023-12-09 08:30:00,862074.70491,-292438.28461,10.0,26.26172,81.61094
2023-12-09 09:00:00,861914.29013,-292345.11954,10.0,26.26403,81.61261
2023-12-09 09:30:00,861752.49479,-292225.50808,10.0,26.26789,81.61437
2023-12-09 10:00:00,861561.77201,-292069.6546,10.5,26.27333,81.61649
2023-12-09 10:30:00,861357.05132,-291879.38401,10.0,26.28054,81.61883
2023-12-09 11:00:00,861180.24295,-291685.25901,10.0,26.28855,81.62094
2023-12-09 11:30:00,861028.15006,-291499.56921,10.0,26.29656,81.62281
2023-12-09 12:00:00,860883.40191,-291329.48668,10.0,26.30379,81.62457
2023-12-09 12:30:00,860729.92561,-291171.57021,10.0,26.31012,81.62637
2023-12-09 13:00:00,860596.38607,-291043.03758,10.0,26.3151,81.62791
2023-12-09 13:30:00,860465.99616,-290957.81083,10.5,26.31756,81.6293
2023-12-09 14:00:00,860326.17348,-290914.17391,10.0,26.31734,81.63064
2023-12-09 14:30:00,860160.87272,-290910.13993,10.0,26.31424,81.63209
2023-12-09 15:00:00,859958.67008,-290930.23682,10.0,26.30895,81.63379
2023-12-09 15:30:00,859696.62915,-290947.10517,10.0,26.30264,81.63602
2023-12-09 16:00:00,859401.51025,-290921.46437,10.5,26.2982,81.63866
2023-12-09 16:30:00,859025.61164,-290844.34079,10.0,26.2952,81.64216
2023-12-09 17:00:00,858681.11732,-290741.40173,10.0,26.29438,81.64546
2023-12-09 17:30:00,858358.77558,-290579.82693,10.0,26.29752,81.64874
2023-12-09 18:00:00,858033.92231,-290364.53351,10.0,26.30383,81.6522
2023-12-09 18:30:00,857750.63783,-290087.48073,10.0,26.31469,81.65548
2023-12-09 19:00:00,857467.39413,-289786.40579,10.0,26.327,81.65883
2023-12-09 19:30:00,857239.84585,-289459.8025,10.5,26.34198,81.66177
2023-12-09 20:00:00,857038.1184,-289124.5935,10.0,26.35801,81.66451
2023-12-09 20:30:00,856883.61716,-288781.99542,10.0,26.37545,81.66686
2023-12-09 21:00:00,856750.58151,-288443.62547,10.0,26.39308,81.66901
2023-12-09 21:30:00,856638.69309,-288127.49815,10.0,26.40981,81.67091
2023-12-09 22:00:00,856554.67054,-287830.94503,10.5,26.42593,81.67251
2023-12-09 22:30:00,856486.58964,-287551.28944,10.0,26.44137,81.67392
2023-12-09 23:00:00,856432.20435,-287302.69033,10.0,26.45522,81.67512
2023-12-09 23:30:00,856381.80955,-287076.27812,10.0,26.46782,81.67622
2023-12-10 00:00:00,856349.51331,-286871.11122,10.0,26.47951,81.6771
2023-12-10 00:30:00,856329.94381,-286696.27318,10.5,26.48963,81.67778
2023-12-10 01:00:00,856321.69289,-286552.9728,10.0,26.49809,81.67827
2023-12-10 01:30:00,856297.16946,-286454.69568,10.0,26.50351,81.67877
2023-12-10 02:00:00,856229.6288,-286388.89954,10.0,26.50611,81.67955
2023-12-10 02:30:00,856138.4489,-286352.58706,10.0,26.50646,81.68045
2023-12-10 03:00:00,856030.29499,-286353.29183,10.0,26.50424,81.68139
2023-12-10 03:30:00,855892.67559,-286397.44992,10.5,26.49881,81.68246
2023-12-10 04:00:00,855743.70379,-286485.78541,10.0,26.49049,81.6835
2023-12-10 04:30:00,855561.35376,-286608.578,10.0,26.47942,81.68473
2023-12-10 05:00:00,855358.61212,-286747.5635,10.0,26.46696,81.68609
2023-12-10 05:30:00,855151.5408,-286882.20574,10.0,26.45467,81.6875
2023-12-10 06:00:00,854987.22129,-286999.92412,10.5,26.44426,81.68859
2023-12-10 06:30:00,854849.19675,-287088.39106,10.0,26.43614,81.68953
2023-12-10 07:00:00,854779.19071,-287136.10203,10.0,26.43185,81.69
2023-12-10 07:30:00,854755.55298,-287127.82965,10.0,26.43187,81.69023
2023-12-10 08:00:00,854770.98679,-287064.7816,10.0,26.43598,81.69028
2023-12-10 08:30:00,854833.88496,-286932.17519,10.0,26.44524,81.69012
2023-12-10 09:00:00,855066.06584,-286661.11195,10.0,26.46626,81.68889
2023-12-10 09:30:00,855408.60021,-286293.24331,9.5,26.49533,81.68698
2023-12-10 10:00:00,855808.73676,-285848.42934,10.0,26.53018,81.68479
2023-12-10 10:30:00,856260.81766,-285346.56746,10.0,26.56949,81.68231
2023-12-10 11:00:00,856753.91647,-284833.87388,10.0,26.61025,81.6795
2023-12-10 11:30:00,857271.83722,-284320.9821,10.0,26.65149,81.67647
2023-12-10 12:00:00,857789.23969,-283880.15841,10.5,26.68835,81.67323
2023-12-10 12:30:00,858294.93996,-283530.71837,10.0,26.71945,81.66983
2023-12-10 13:00:00,858759.08744,-283277.818,10.0,26.74389,81.66651
2023-12-10 13:30:00,859174.2422,-283096.55653,10.0,26.76303,81.66341
2023-12-10 14:00:00,859527.34188,-282988.57708,10.0,26.77652,81.66064
2023-12-10 14:30:00,859810.78658,-282938.85926,10.0,26.78512,81.65831
2023-12-10 15:00:00,860016.42119,-282891.01585,10.5,26.79206,81.65665
2023-12-10 15:30:00,860148.95078,-282844.67343,10.0,26.79747,81.65563
2023-12-10 16:00:00,860222.42265,-282816.42725,10.0,26.80062,81.65507
2023-12-10 16:30:00,860243.90811,-282806.85418,10.0,26.80162,81.65491
2023-12-10 17:00:00,860208.84338,-282788.00672,10.0,26.80206,81.65527
2023-12-10 17:30:00,860134.33105,-282746.21142,10.0,26.8031,81.65604
2023-12-10 18:00:00,860038.78858,-282691.68536,10.0,26.80449,81.65703
2023-12-10 18:30:00,859927.92744,-282627.97255,10.0,26.80613,81.65818
2023-12-10 19:00:00,859802.97926,-282551.32431,10.0,26.80827,81.65949
2023-12-10 19:30:00,859679.65724,-282455.77145,10.0,26.81158,81.66084
2023-12-10 20:00:00,859561.69838,-282335.34634,10.5,26.81649,81.66221
2023-12-10 20:30:00,859454.02262,-282193.68156,10.0,26.82289,81.66356
2023-12-10 21:00:00,859380.60771,-282047.28764,10.0,26.83025,81.66462
2023-12-10 21:30:00,859339.38409,-281900.52131,10.0,26.83827,81.6654
2023-12-10 22:00:00,859333.31069,-281761.81711,10.0,26.8465,81.66585
2023-12-10 22:30:00,859366.68159,-281639.04436,10.0,26.85455,81.66591
2023-12-10 23:00:00,859461.9857,-281557.98831,10.0,26.86131,81.66531
2023-12-10 23:30:00,859609.29401,-281528.00041,10.0,26.86602,81.66411
2023-12-11 00:00:00,859783.49777,-281555.81017,10.0,26.86778,81.66251
2023-12-11 00:30:00,859949.61273,-281632.80964,10.0,26.86642,81.66084
2023-12-11 01:00:00,860083.69537,-281749.15667,15.0,26.86206,81.65934
2023-12-11 01:30:00,860159.36659,-281887.85741,10.0,26.85521,81.65828
2023-12-11 02:00:00,860186.17206,-282057.75154,10.0,26.84552,81.65756
2023-12-11 02:30:00,860161.21869,-282266.56536,10.0,26.83247,81.65718
2023-12-11 03:00:00,860074.53549,-282481.73489,10.0,26.81782,81.65732
2023-12-11 03:30:00,859929.27932,-282686.62245,10.0,26.80263,81.658
2023-12-11 04:00:00,859718.71311,-282877.29692,10.0,26.787,81.65929
2023-12-11 04:30:00,859482.18354,-283028.24632,10.0,26.77324,81.66092
2023-12-11 05:00:00,859246.53239,-283165.92887,10.0,26.76029,81.66258
2023-12-11 05:30:00,858978.21128,-283298.23626,10.0,26.74701,81.66454
2023-12-11 06:00:00,858695.07851,-283409.26337,10.0,26.73471,81.66669
2023-12-11 06:30:00,858431.31857,-283471.91477,10.0,26.7257,81.66881
2023-12-11 07:00:00,858203.53788,-283488.06473,10.0,26.7202,81.67075
2023-12-11 07:30:00,858037.91054,-283444.48202,10.0,26.71953,81.67232
2023-12-11 08:00:00,857930.55484,-283398.05705,10.0,26.72019,81.67339
2023-12-11 08:30:00,857872.65781,-283344.22497,10.0,26.72228,81.67405
2023-12-11 09:00:00,857860.52635,-283280.2723,10.0,26.72589,81.67434
2023-12-11 09:30:00,857886.28603,-283198.77883,10.0,26.73131,81.67435
2023-12-11 10:00:00,857949.22899,-283112.28746,10.0,26.73777,81.67405
2023-12-11 10:30:00,858053.23638,-283029.86891,15.0,26.7448,81.67338
2023-12-11 11:00:00,858176.98179,-282953.6073,10.0,26.75185,81.67252
2023-12-11 11:30:00,858304.59426,-282900.35182,10.0,26.75759,81.67156
2023-12-11 12:00:00,858427.94852,-282873.90676,10.0,26.76163,81.67056
2023-12-11 12:30:00,858557.49237,-282870.41471,10.0,26.76441,81.66944
2023-12-11 13:00:00,858668.98395,-282900.83495,10.0,26.76479,81.66838
2023-12-11 13:30:00,858746.36163,-282965.2074,10.0,26.76245,81.66752
2023-12-11 14:00:00,858782.9321,-283049.04062,10.0,26.75813,81.66696
2023-12-11 14:30:00,858798.9054,-283132.74032,10.0,26.75341,81.66658
2023-12-11 15:00:00,858798.07533,-283215.22678,10.0,26.74843,81.66635
2023-12-11 15:30:00,858810.79548,-283287.89445,10.0,26.74431,81.66603
2023-12-11 16:00:00,858831.88948,-283356.01696,10.0,26.74063,81.66565
2023-12-11 16:30:00,858838.45839,-283416.02735,10.0,26.73715,81.66542
2023-12-11 17:00:00,858852.57771,-283463.5726,10.0,26.73457,81.66516
2023-12-11 17:30:00,858861.38683,-283502.88455,10.0,26.73238,81.66497
2023-12-11 18:00:00,858861.90512,-283518.6816,10.0,26.73144,81.66492
2023-12-11 18:30:00,858871.3925,-283531.62146,10.0,26.73085,81.6648
2023-12-11 19:00:00,858891.63066,-283536.30761,10.0,26.73097,81.66461
2023-12-11 19:30:00,858953.83532,-283542.37857,10.0,26.73184,81.66405
2023-12-11 20:00:00,859050.11042,-283559.86,10.0,26.7327,81.66316
2023-12-11 20:30:00,859179.42812,-283584.91886,10.0,26.73376,81.66196
2023-12-11 21:00:00,859384.72056,-283602.11483,10.0,26.7368,81.66012
2023-12-11 21:30:00,859644.68097,-283630.83754,10.0,26.74023,81.65777
2023-12-11 22:00:00,859950.01319,-283664.50966,10.0,26.74426,81.65501
2023-12-11 22:30:00,860303.9401,-283693.35297,10.0,26.74954,81.65184
2023-12-11 23:00:00,860705.56498,-283727.02779,10.0,26.75547,81.64824
2023-12-11 23:30:00,861152.90705,-283775.01589,10.0,26.76144,81.6442
2023-12-12 00:00:00,861644.73944,-283837.56319,10.0,26.76741,81.63973
2023-12-12 00:30:00,862144.09511,-283922.49598,10.0,26.77218,81.63513
2023-12-12 01:00:00,862659.54126,-284031.66311,10.0,26.77581,81.63032
2023-12-12 01:30:00,863183.57919,-284142.58676,10.0,26.7795,81.62543
2023-12-12 02:00:00,863711.25623,-284266.8323,10.0,26.78246,81.62047
2023-12-12 02:30:00,864232.61418,-284403.31642,10.0,26.78456,81.61553
2023-12-12 03:00:00,864732.91142,-284530.65475,10.0,26.78679,81.6108
2023-12-12 03:30:00,865205.96891,-284674.59413,10.0,26.78749,81.60626
2023-12-12 04:00:00,865646.26081,-284796.18734,10.0,26.78888,81.60207
2023-12-12 04:30:00,866054.97396,-284912.72918,10.0,26.78995,81.59817
2023-12-12 05:00:00,866446.50757,-285022.26228,10.0,26.7911,81.59444
2023-12-12 05:30:00,866813.80929,-285125.31646,10.0,26.79216,81.59094
2023-12-12 06:00:00,867174.53418,-285220.48997,10.0,26.79356,81.58752
2023-12-12 06:30:00,867539.34899,-285303.23057,10.0,26.79578,81.5841
2023-12-12 07:00:00,867906.1769,-285376.36353,10.0,26.79861,81.58069
2023-12-12 07:30:00,868271.78191,-285449.72753,10.0,26.8014,81.57729
2023-12-12 08:00:00,868647.35381,-285510.20294,9.5,26.80515,81.57384
2023-12-12 08:30:00,869048.32456,-285545.69814,10.0,26.81088,81.57024
2023-12-12 09:00:00,869474.05168,-285558.13973,10.0,26.81846,81.56649
2023-12-12 09:30:00,869934.02552,-285556.98568,10.0,26.82751,81.56248
2023-12-12 10:00:00,870433.9085,-285549.48885,10.5,26.83771,81.55814
2023-12-12 10:30:00,870966.03977,-285562.20018,10.0,26.84732,81.55346
2023-12-12 11:00:00,871502.55116,-285575.55334,10.0,26.85697,81.54874
2023-12-12 11:30:00,872070.63921,-285597.38022,10.0,26.86672,81.54372
2023-12-12 12:00:00,872654.58833,-285637.1868,10.0,26.8757,81.53851
2023-12-12 12:30:00,873246.40743,-285694.9034,10.0,26.88376,81.53318
2023-12-12 13:00:00,873791.53891,-285779.72255,10.0,26.8893,81.52818
2023-12-12 13:30:00,874353.03513,-285863.53149,10.0,26.89521,81.52304
2023-12-12 14:00:00,874935.22655,-285950.60241,10.0,26.90132,81.51771
2023-12-12 14:30:00,875490.73287,-286042.18476,10.0,26.90664,81.5126
2023-12-12 15:00:00,875996.27909,-286156.93393,10.0,26.90962,81.50786
2023-12-12 15:30:00,876445.0225,-286273.72745,10.0,26.91138,81.50361
2023-12-12 16:00:00,876844.9784,-286385.5658,10.0,26.91249,81.4998
2023-12-12 16:30:00,877188.37465,-286484.67611,10.0,26.91326,81.49652
2023-12-12 17:00:00,877460.17526,-286553.95447,10.0,26.91441,81.49395
2023-12-12 17:30:00,877693.30672,-286604.82988,10.0,26.9159,81.49177
2023-12-12 18:00:00,877904.15896,-286625.69714,10.0,26.91873,81.48987
2023-12-12 18:30:00,878099.17835,-286621.36325,10.0,26.92274,81.48818
2023-12-12 19:00:00,878247.21881,-286578.43551,10.0,26.92812,81.48701
2023-12-12 19:30:00,878369.90532,-286518.39198,9.5,26.93402,81.48611
2023-12-12 20:00:00,878470.73279,-286430.5054,10.0,26.94114,81.48548
2023-12-12 20:30:00,878569.02357,-286332.7839,10.0,26.94879,81.4849
2023-12-12 21:00:00,878658.89294,-286239.76499,10.0,26.956,81.48438
2023-12-12 21:30:00,878741.50719,-286130.28923,10.0,26.96404,81.48397
2023-12-12 22:00:00,878835.70785,-286004.08368,10.5,26.97329,81.48351
2023-12-12 22:30:00,878956.64784,-285842.2079,10.0,26.98515,81.48291
2023-12-12 23:00:00,879102.19026,-285662.21325,10.0,26.99855,81.48215
2023-12-12 23:30:00,879270.79667,-285467.44382,10.0,27.01326,81.48123
2023-12-13 00:00:00,879450.16826,-285274.5855,10.0,27.02806,81.48021
2023-12-13 00:30:00,879632.9694,-285095.67183,10.0,27.0421,81.47912
2023-12-13 01:00:00,879818.5873,-284943.22819,10.0,27.05463,81.47793
2023-12-13 01:30:00,880004.0428,-284808.82779,10.0,27.06609,81.47669
2023-12-13 02:00:00,880183.44709,-284678.86175,10.0,27.07717,81.47549
2023-12-13 02:30:00,880339.53585,-284571.34375,10.0,27.08648,81.47443
2023-12-13 03:00:00,880441.85404,-284484.9381,10.0,27.09352,81.47378
2023-12-13 03:30:00,880515.93004,-284422.14692,10.0,27.09863,81.47331
2023-12-13 04:00:00,880528.91107,-284396.13079,10.0,27.10041,81.47327
2023-12-13 04:30:00,880492.41667,-284399.27792,10.0,27.09953,81.47358
2023-12-13 05:00:00,880396.97745,-284425.46771,10.0,27.09617,81.47434
2023-12-13 05:30:00,880230.97087,-284457.51941,10.0,27.09112,81.4757
2023-12-13 06:00:00,879998.73679,-284499.68805,10.0,27.08421,81.47761
2023-12-13 06:30:00,879708.31256,-284558.93903,10.0,27.07518,81.47998
2023-12-13 07:00:00,879365.67461,-284609.6836,10.0,27.06565,81.48283
2023-12-13 07:30:00,878989.37988,-284658.2344,10.0,27.0556,81.48598
2023-12-13 08:00:00,878604.85069,-284707.37936,10.0,27.04535,81.4892
2023-12-13 08:30:00,878174.87065,-284755.37551,10.0,27.03429,81.49282
2023-12-13 09:00:00,877717.63432,-284791.9973,10.0,27.02337,81.49671
2023-12-13 09:30:00,877245.64382,-284835.16789,10.0,27.01177,81.50071
2023-12-13 10:00:00,876773.39787,-284886.26728,10.5,26.99969,81.50469
2023-12-13 10:30:00,876281.90695,-284911.48531,10.0,26.98875,81.50891
2023-12-13 11:00:00,875757.10419,-284901.92468,10.0,26.97922,81.51352
2023-12-13 11:30:00,875191.698,-284879.8165,10.0,26.96964,81.51852
2023-12-13 12:00:00,874626.49991,-284867.5464,10.0,26.95947,81.52349
2023-12-13 12:30:00,874102.09952,-284853.01278,10.0,26.95021,81.52811
2023-12-13 13:00:00,873576.24174,-284800.72435,10.0,26.94315,81.53285
2023-12-13 13:30:00,873085.34011,-284729.01978,10.0,26.93791,81.53734
2023-12-13 14:00:00,872594.90058,-284659.39392,10.0,26.93255,81.54182
2023-12-13 14:30:00,872124.67976,-284647.1347,10.0,26.92417,81.54596
2023-12-13 15:00:00,871654.19341,-284632.12474,10.0,26.91594,81.55011
2023-12-13 15:30:00,871192.77478,-284631.38378,10.0,26.90703,81.55414
2023-12-13 16:00:00,870715.87925,-284656.89512,10.0,26.89625,81.55823
2023-12-13 16:30:00,870245.26522,-284705.13457,10.0,26.88423,81.5622
2023-12-13 17:00:00,869768.96095,-284788.12893,10.0,26.87002,81.56612
2023-12-13 17:30:00,869271.94093,-284895.69796,10.0,26.85393,81.57015
2023-12-13 18:00:00,868761.81188,-285012.17992,10.5,26.83704,81.57427
2023-12-13 18:30:00,868225.09634,-285117.39631,10.0,26.82028,81.57865
2023-12-13 19:00:00,867695.78602,-285200.45859,10.0,26.80497,81.58303
2023-12-13 19:30:00,867176.70245,-285252.23241,10.0,26.79171,81.58741
2023-12-13 20:00:00,866714.35806,-285253.37655,10.0,26.78257,81.59144
2023-12-13 20:30:00,866326.52872,-285209.19163,10.0,26.77759,81.59495
2023-12-13 21:00:00,866008.75699,-285105.4135,10.0,26.77754,81.59802
2023-12-13 21:30:00,865748.13618,-284946.42621,10.0,26.78191,81.60075
2023-12-13 22:00:00,865551.24802,-284747.0146,10.0,26.78995,81.60304
2023-12-13 22:30:00,865422.13972,-284512.22052,10.0,26.80144,81.60484
2023-12-13 23:00:00,865368.61536,-284242.60287,10.0,26.8165,81.60608
2023-12-13 23:30:00,865413.51857,-283962.69771,10.0,26.83411,81.60649
2023-12-14 00:00:00,865546.99072,-283664.00658,10.0,26.85458,81.60618
2023-12-14 00:30:00,865735.89138,-283388.11768,10.0,26.87477,81.60532
2023-12-14 01:00:00,865944.38519,-283160.55599,10.0,26.89245,81.60415
2023-12-14 01:30:00,866155.59471,-282994.53101,10.0,26.9065,81.60278
2023-12-14 02:00:00,866361.66728,-282893.18091,10.0,26.91658,81.60127
2023-12-14 02:30:00,866518.0217,-282831.77306,10.0,26.9233,81.60008
2023-12-14 03:00:00,866624.13136,-282787.4114,10.0,26.92802,81.59928
2023-12-14 03:30:00,866690.10134,-282767.76497,10.0,26.93048,81.59876
2023-12-14 04:00:00,866711.00599,-282763.37149,10.0,26.93115,81.59859
2023-12-14 04:30:00,866696.85156,-282778.67053,10.0,26.92996,81.59867
2023-12-14 05:00:00,866629.99418,-282797.52519,10.0,26.92753,81.5992
2023-12-14 05:30:00,866488.0593,-282804.25513,10.0,26.92436,81.60042
2023-12-14 06:00:00,866295.40701,-282790.89987,10.0,26.9214,81.60214
2023-12-14 06:30:00,866060.12478,-282757.24962,10.0,26.91882,81.60429
2023-12-14 07:00:00,865815.54386,-282681.91214,10.0,26.91855,81.60664
2023-12-14 07:30:00,865550.26812,-282568.22038,10.0,26.92017,81.60928
2023-12-14 08:00:00,865303.37396,-282412.25013,10.0,26.92468,81.61188
2023-12-14 08:30:00,865186.14758,-282090.46904,10.0,26.94165,81.61382
2023-12-14 09:00:00,865157.22391,-281757.4975,10.0,26.96102,81.61502
2023-12-14 09:30:00,865170.67776,-281395.99199,10.0,26.98293,81.61593
2023-12-14 10:00:00,865239.34422,-280980.38151,10.0,27.00916,81.61651
2023-12-14 10:30:00,865381.86069,-280527.01895,10.0,27.03909,81.61655
2023-12-14 11:00:00,865624.95224,-280098.02791,10.0,27.06951,81.61564
2023-12-14 11:30:00,865942.8757,-279723.4729,10.0,27.09811,81.61392
2023-12-14 12:00:00,866283.22248,-279420.55093,10.0,27.12284,81.6118
2023-12-14 12:30:00,866652.65349,-279183.05,10.0,27.1442,81.60924
2023-12-14 13:00:00,867032.34724,-278998.56313,10.5,27.16257,81.60644
2023-12-14 13:30:00,867416.40766,-278874.90693,10.0,27.17737,81.60343
2023-12-14 14:00:00,867776.36835,-278847.42779,10.0,27.18594,81.60036
2023-12-14 14:30:00,868113.08247,-278881.57635,10.0,27.19037,81.59732
2023-12-14 15:00:00,868422.90855,-278956.69553,10.0,27.19183,81.5944
2023-12-14 15:30:00,868667.39273,-279064.3319,10.0,27.19009,81.59196
2023-12-14 16:00:00,868817.59304,-279209.11234,10.0,27.18432,81.59024
2023-12-14 16:30:00,868895.70273,-279371.75175,10.0,27.1761,81.5891
2023-12-14 17:00:00,868910.3446,-279525.39164,10.0,27.1672,81.58854
2023-12-14 17:30:00,868883.85457,-279653.92992,10.0,27.15901,81.58841
2023-12-14 18:00:00,868797.50028,-279755.16234,10.0,27.1513,81.58888
2023-12-14 18:30:00,868656.21423,-279810.23587,10.0,27.14529,81.58996
2023-12-14 19:00:00,868517.35326,-279804.4907,10.5,27.14296,81.59119
2023-12-14 19:30:00,868404.87926,-279738.14271,10.0,27.14476,81.59236
2023-12-14 20:00:00,868289.96138,-279618.99678,10.0,27.14967,81.5937
2023-12-14 20:30:00,868181.60255,-279447.47236,10.0,27.15784,81.59513
2023-12-14 21:00:00,868097.86268,-279249.13912,10.0,27.16809,81.59642
2023-12-14 21:30:00,868057.91102,-279039.02577,10.0,27.17989,81.59736
2023-12-14 22:00:00,868095.02464,-278830.98044,10.0,27.19305,81.59762
2023-12-14 22:30:00,868200.80867,-278643.98538,10.0,27.20627,81.59722
2023-12-14 23:00:00,868360.16175,-278503.73301,10.0,27.21772,81.59622
2023-12-14 23:30:00,868559.98574,-278408.3347,10.0,27.22726,81.59474
2023-12-15 00:00:00,868788.83825,-278368.01531,10.5,27.23406,81.59285
2023-12-15 00:30:00,869043.72341,-278400.99051,10.0,27.23697,81.59053
2023-12-15 01:00:00,869298.01126,-278499.5163,10.0,27.23595,81.58803
2023-12-15 01:30:00,869541.01185,-278654.68034,10.0,27.23133,81.58547
2023-12-15 02:00:00,869761.09054,-278874.19289,10.0,27.22243,81.58293
2023-12-15 02:30:00,869937.95653,-279139.21443,10.0,27.20999,81.58064
2023-12-15 03:00:00,870059.61116,-279430.00695,10.0,27.19496,81.57876
2023-12-15 03:30:00,870138.29609,-279743.96339,10.0,27.17773,81.57719
2023-12-15 04:00:00,870163.73658,-280084.46958,10.0,27.1579,81.57601
2023-12-15 04:30:00,870126.24997,-280417.53098,10.0,27.13731,81.5754
2023-12-15 05:00:00,870022.33993,-280718.47978,10.0,27.11736,81.57546
2023-12-15 05:30:00,869867.23951,-280993.33044,10.0,27.09798,81.57604
2023-12-15 06:00:00,869704.48623,-281217.16965,10.5,27.08149,81.57683
2023-12-15 06:30:00,869508.37523,-281437.77734,10.0,27.06455,81.57792
2023-12-15 07:00:00,869300.29044,-281666.80146,10.0,27.04687,81.57909
2023-12-15 07:30:00,869072.56868,-281829.02447,10.0,27.03279,81.58062
2023-12-15 08:00:00,868791.06329,-281976.88996,10.0,27.01852,81.58266
2023-12-15 08:30:00,868495.56814,-282090.09896,10.0,27.00604,81.58492
2023-12-15 09:00:00,868156.21497,-282158.44919,10.0,26.99538,81.58769
2023-12-15 09:30:00,867879.56172,-282164.16509,9.5,26.98967,81.59009
2023-12-15 10:00:00,867681.78193,-282117.4451,10.0,26.98862,81.59195
2023-12-15 10:30:00,867550.75001,-282048.55627,10.0,26.99019,81.59329
2023-12-15 11:00:00,867483.41278,-281977.44742,10.0,26.99313,81.59408
2023-12-15 11:30:00,867464.84533,-281928.89353,10.0,26.99567,81.59438
2023-12-15 12:00:00,867490.51723,-281906.26864,10.0,26.99752,81.59422
2023-12-15 12:30:00,867551.61641,-281926.12389,10.0,26.99752,81.59363
2023-12-15 13:00:00,867635.3697,-281985.48649,10.0,26.9956,81.59273
2023-12-15 13:30:00,867726.09583,-282093.84103,10.0,26.99089,81.59163
2023-12-15 14:00:00,867812.83323,-282256.69058,10.0,26.98285,81.59041
2023-12-15 14:30:00,867882.53479,-282464.79323,10.0,26.97178,81.58921
2023-12-15 15:00:00,867916.57827,-282722.49184,10.0,26.95706,81.58818
2023-12-15 15:30:00,867913.10769,-283007.23481,10.0,26.94,81.5874
2023-12-15 16:00:00,867866.86718,-283320.97922,10.0,26.92038,81.58691
2023-12-15 16:30:00,867760.79271,-283642.19511,10.0,26.89915,81.58692
2023-12-15 17:00:00,867621.50911,-283966.45648,10.0,26.87709,81.58721
2023-12-15 17:30:00,867411.48644,-284271.86869,10.0,26.85477,81.58817
2023-12-15 18:00:00,867160.0645,-284545.83946,10.0,26.83351,81.58958
2023-12-15 18:30:00,866859.46573,-284777.21631,10.0,26.81382,81.59154
2023-12-15 19:00:00,866551.28438,-284951.14006,10.0,26.7974,81.59373
2023-12-15 19:30:00,866251.66122,-285057.02431,10.0,26.7852,81.59604
2023-12-15 20:00:00,865957.61141,-285128.44557,10.0,26.77516,81.5984
2023-12-15 20:30:00,865667.38517,-285160.33297,10.0,26.76755,81.60084
2023-12-15 21:00:00,865397.90488,-285150.09002,10.0,26.76286,81.60322
2023-12-15 21:30:00,865169.62027,-285115.71479,10.0,26.76042,81.60531
2023-12-15 22:00:00,864968.13976,-285086.97373,10.0,26.75817,81.60715
2023-12-15 22:30:00,864800.00426,-285068.37115,10.0,26.75597,81.60867
2023-12-15 23:00:00,864663.6025,-285054.36108,10.0,26.75412,81.6099
2023-12-15 23:30:00,864560.26572,-285044.38447,10.0,26.75268,81.61083
2023-12-16 00:00:00,864496.21842,-285034.53767,10.5,26.75201,81.61142
2023-12-16 00:30:00,864474.75118,-285025.55815,10.0,26.75212,81.61163
2023-12-16 01:00:00,864505.95535,-285024.80555,10.0,26.75278,81.61136
2023-12-16 01:30:00,864575.66721,-285053.31022,10.0,26.75245,81.61067
2023-12-16 02:00:00,864674.43338,-285091.06064,10.0,26.75214,81.6097
2023-12-16 02:30:00,864777.46884,-285150.63557,10.0,26.75061,81.60863
2023-12-16 03:00:00,864854.64481,-285214.49917,10.5,26.74831,81.60777
2023-12-16 03:30:00,864854.2498,-285279.38383,10.0,26.74443,81.60759
2023-12-16 04:00:00,864738.44613,-285282.85503,10.0,26.74194,81.60859
2023-12-16 04:30:00,864586.3495,-285260.78778,10.0,26.74026,81.60998
2023-12-16 05:00:00,864441.52403,-285261.85592,10.0,26.73734,81.61124
2023-12-16 05:30:00,864214.62059,-285251.04051,10.5,26.73351,81.61325
2023-12-16 06:00:00,863952.30368,-285218.97105,10.0,26.73025,81.61563
2023-12-16 06:30:00,863624.62237,-285176.48758,10.0,26.72632,81.61861
2023-12-16 07:00:00,863260.10162,-285113.60169,10.0,26.72288,81.62197
2023-12-16 07:30:00,862896.83673,-285046.90843,10.0,26.71969,81.62533
2023-12-16 08:00:00,862503.08231,-284982.97912,10.5,26.71573,81.62895
2023-12-16 08:30:00,862108.59391,-284930.21817,10.0,26.71108,81.63254
2023-12-16 09:00:00,861720.85257,-284871.63675,10.0,26.70691,81.63609
2023-12-16 09:30:00,861362.41964,-284821.51992,10.0,26.70281,81.63936
2023-12-16 10:00:00,861036.92081,-284768.90475,10.0,26.69951,81.64235
2023-12-16 10:30:00,860765.73267,-284732.38221,10.0,26.69632,81.64482
2023-12-16 11:00:00,860557.11172,-284735.52525,10.0,26.69199,81.64663
2023-12-16 11:30:00,860392.15771,-284770.71582,10.5,26.6866,81.64797
2023-12-16 12:00:00,860242.28173,-284820.43431,10.0,26.68064,81.64913
2023-12-16 12:30:00,860140.59911,-284867.7279,10.0,26.67578,81.64988
2023-12-16 13:00:00,860059.84156,-284934.93251,10.0,26.67014,81.65039
2023-12-16 13:30:00,859980.86949,-285027.87111,10.0,26.66299,81.65081
2023-12-16 14:00:00,859916.06384,-285132.95886,10.5,26.65539,81.65107
2023-12-16 14:30:00,859805.55913,-285269.41965,10.0,26.645,81.65164
2023-12-16 15:00:00,859648.52129,-285428.02217,10.0,26.63235,81.65255
2023-12-16 15:30:00,859504.76594,-285622.47487,10.0,26.61781,81.65324
2023-12-16 16:00:00,859347.86959,-285839.00254,10.0,26.60168,81.65398
2023-12-16 16:30:00,859185.52743,-286026.85047,10.0,26.58716,81.65485
2023-12-16 17:00:00,859008.36408,-286193.5525,9.5,26.57361,81.65591
2023-12-16 17:30:00,858823.87297,-286340.76494,10.0,26.56108,81.65709
2023-12-16 18:00:00,858613.47084,-286482.93672,10.0,26.54833,81.65851
2023-12-16 18:30:00,858384.7328,-286593.93575,10.0,26.53708,81.66018
2023-12-16 19:00:00,858142.56813,-286679.72893,10.0,26.52707,81.66204
2023-12-16 19:30:00,857873.36987,-286753.58137,10.0,26.51723,81.66417
2023-12-16 20:00:00,857593.73948,-286807.05235,10.0,26.5084,81.66645
2023-12-16 20:30:00,857305.44061,-286852.05161,10.0,26.4999,81.66883
2023-12-16 21:00:00,857019.69457,-286899.65413,10.0,26.49129,81.67118
2023-12-16 21:30:00,856744.56743,-286942.91587,10.0,26.48315,81.67345
2023-12-16 22:00:00,856490.46176,-287006.61234,10.5,26.4742,81.67548
2023-12-16 22:30:00,856263.91765,-287081.97637,10.0,26.4651,81.67723
2023-12-16 23:00:00,856083.55818,-287167.77922,10.0,26.4563,81.67855
2023-12-16 23:30:00,855942.59252,-287286.70283,10.0,26.4463,81.67943
2023-12-17 00:00:00,855827.52249,-287420.77021,10.0,26.43591,81.68004
2023-12-17 00:30:00,855731.09387,-287571.04962,10.0,26.42492,81.68044
2023-12-17 01:00:00,855656.41275,-287722.16735,10.5,26.41432,81.68065
2023-12-17 01:30:00,855606.45847,-287880.21444,10.0,26.4038,81.68062
2023-12-17 02:00:00,855577.72179,-288044.1018,10.0,26.39336,81.68039
2023-12-17 02:30:00,855554.99602,-288224.15651,10.0,26.38207,81.68006
2023-12-17 03:00:00,855530.94836,-288418.24758,10.0,26.36991,81.6797
2023-12-17 03:30:00,855495.37776,-288625.93104,10.0,26.3567,81.6794
2023-12-17 04:00:00,855442.65498,-288860.43893,9.5,26.34153,81.67917
2023-12-17 04:30:00,855342.733,-289125.58418,10.0,26.32356,81.67926
2023-12-17 05:00:00,855202.06177,-289412.36769,10.0,26.30346,81.67964
2023-12-17 05:30:00,855034.52199,-289713.64098,10.0,26.28194,81.68021
2023-12-17 06:00:00,854858.14292,-290001.65308,10.5,26.26103,81.68089
2023-12-17 06:30:00,854662.41564,-290291.98321,10.0,26.23959,81.68174
2023-12-17 07:00:00,854454.25022,-290566.13345,10.0,26.21886,81.68274
2023-12-17 07:30:00,854211.84953,-290832.37113,10.0,26.1979,81.68406
2023-12-17 08:00:00,853948.50386,-291092.1899,10.0,26.17689,81.68558
2023-12-17 08:30:00,853680.46028,-291328.31913,10.0,26.1572,81.68721
2023-12-17 09:00:00,853432.40296,-291546.0309,10.5,26.13902,81.68872
2023-12-17 09:30:00,853246.71601,-291739.21992,10.0,26.12359,81.68976
2023-12-17 10:00:00,853084.11467,-291925.27533,10.0,26.10906,81.69062
2023-12-17 10:30:00,852945.61206,-292097.91144,10.0,26.09583,81.69131
2023-12-17 11:00:00,852849.0311,-292262.25695,10.0,26.08396,81.69166
2023-12-17 11:30:00,852770.91093,-292416.28257,10.0,26.07309,81.69188
2023-12-17 12:00:00,852722.69521,-292546.79071,10.0,26.06425,81.69191
2023-12-17 12:30:00,852714.88872,-292653.40461,10.0,26.05768,81.69166
2023-12-17 13:00:00,852724.61032,-292759.22181,10.0,26.05152,81.69126
2023-12-17 13:30:00,852741.53451,-292870.85031,10.0,26.04516,81.69078
2023-12-17 14:00:00,852760.69316,-292989.36594,10.5,26.03843,81.69026
2023-12-17 14:30:00,852775.3986,-293124.10526,10.0,26.03064,81.68973
2023-12-17 15:00:00,852780.39012,-293263.6265,10.0,26.02236,81.68927
2023-12-17 15:30:00,852767.66303,-293404.39091,10.0,26.01364,81.68896
2023-12-17 16:00:00,852722.95275,-293537.6523,10.0,26.00471,81.68895
2023-12-17 16:30:00,852639.41565,-293659.87224,10.0,25.99564,81.68931
2023-12-17 17:00:00,852550.02445,-293762.24997,10.0,25.98764,81.68978
2023-12-17 17:30:00,852454.69475,-293855.07467,10.0,25.98009,81.69033
2023-12-17 18:00:00,852336.14713,-293941.70665,10.0,25.97243,81.6911
2023-12-17 18:30:00,852152.61131,-294023.03565,10.0,25.96374,81.69245
2023-12-17 19:00:00,851899.14957,-294093.32456,10.0,25.95426,81.69444
2023-12-17 19:30:00,851596.90335,-294138.03626,10.0,25.9453,81.69693
2023-12-17 20:00:00,851262.44327,-294152.5662,10.0,25.93748,81.69979
2023-12-17 20:30:00,850891.82302,-294148.3541,10.0,25.93003,81.70302
2023-12-17 21:00:00,850527.43124,-294126.08925,10.0,25.92379,81.70625
2023-12-17 21:30:00,850214.1795,-294102.49382,10.0,25.91869,81.70904
2023-12-17 22:00:00,849941.65469,-294072.92643,10.5,25.91479,81.71149
2023-12-17 22:30:00,849712.36472,-294037.84021,10.0,25.91213,81.71359
2023-12-17 23:00:00,849529.91982,-294005.75344,10.0,25.91026,81.71527
2023-12-17 23:30:00,849380.60378,-293981.1364,10.0,25.90863,81.71664
2023-12-18 00:00:00,849246.26883,-293973.14872,10.0,25.90631,81.71783
2023-12-18 00:30:00,849123.20965,-293979.1774,10.0,25.90338,81.71888
2023-12-18 01:00:00,849004.68808,-293998.71317,10.0,25.89973,81.71985
2023-12-18 01:30:00,848882.72453,-294021.5227,10.0,25.89581,81.72084
2023-12-18 02:00:00,848770.28404,-294056.74131,10.0,25.89134,81.72171
2023-12-18 02:30:00,848659.60112,-294106.82137,10.0,25.88601,81.72252
2023-12-18 03:00:00,848529.43953,-294179.82685,10.0,25.87889,81.72343
2023-12-18 03:30:00,848378.08467,-294247.44633,10.0,25.87165,81.72454
2023-12-18 04:00:00,848229.59663,-294290.15312,10.0,25.86597,81.7257
2023-12-18 04:30:00,848065.57333,-294314.50605,10.0,25.86107,81.72705
2023-12-18 05:00:00,847879.07716,-294323.90113,10.0,25.8566,81.72864
2023-12-18 05:30:00,847673.39914,-294312.18428,10.0,25.853,81.73046
2023-12-18 06:00:00,847479.13853,-294296.29742,10.5,25.84989,81.73219
2023-12-18 06:30:00,847234.80955,-294290.81195,10.0,25.8451,81.73433
2023-12-18 07:00:00,846997.8407,-294289.51251,10.0,25.84021,81.73639
2023-12-18 07:30:00,846771.46945,-294287.54904,10.0,25.83558,81.73836
2023-12-18 08:00:00,846561.24749,-294285.5322,10.0,25.83129,81.74019
2023-12-18 08:30:00,846358.69243,-294287.97097,10.0,25.82689,81.74194
2023-12-18 09:00:00,846151.25982,-294294.47645,10.0,25.82214,81.74372
2023-12-18 09:30:00,845948.25442,-294304.80535,10.0,25.81725,81.74545
2023-12-18 10:00:00,845741.34729,-294316.39019,10.0,25.8122,81.74721
2023-12-18 10:30:00,845549.35539,-294341.40415,10.0,25.80665,81.7488
2023-12-18 11:00:00,845371.40109,-294372.42876,10.0,25.80103,81.75025
2023-12-18 11:30:00,845193.91064,-294395.47697,10.0,25.7959,81.75172
2023-12-18 12:00:00,845045.36303,-294428.08284,10.0,25.7908,81.75291
2023-12-18 12:30:00,844903.4986,-294461.33975,10.0,25.7858,81.75404
2023-12-18 13:00:00,844773.66244,-294486.53058,10.0,25.78154,81.75509
2023-12-18 13:30:00,844658.37338,-294506.35909,10.0,25.77791,81.75603
2023-12-18 14:00:00,844557.99515,-294533.44311,10.5,25.77415,81.75682
2023-12-18 14:30:00,844479.3474,-294579.99323,10.0,25.76968,81.75736
2023-12-18 15:00:00,844413.24199,-294633.97088,10.0,25.76502,81.75777
2023-12-18 15:30:00,844350.41689,-294711.56911,10.0,25.759,81.75808
2023-12-18 16:00:00,844277.91924,-294797.02428,10.0,25.7523,81.75845
2023-12-18 16:30:00,844194.93112,-294876.16006,10.0,25.74576,81.75893
2023-12-18 17:00:00,844096.7259,-294949.30471,10.0,25.73926,81.75956
2023-12-18 17:30:00,843971.76659,-295032.56694,10.5,25.73158,81.76039
2023-12-18 18:00:00,843827.96841,-295117.68357,10.0,25.72339,81.76138
2023-12-18 18:30:00,843680.86746,-295192.00649,10.0,25.71578,81.76243
2023-12-18 19:00:00,843537.32986,-295242.92048,10.0,25.70966,81.76352
2023-12-18 19:30:00,843394.52241,-295281.83518,10.0,25.70428,81.76464
2023-12-18 20:00:00,843232.82284,-295330.24678,10.5,25.69792,81.76589
2023-12-18 20:30:00,843058.63869,-295368.08329,10.0,25.69194,81.76729
2023-12-18 21:00:00,842898.38913,-295380.98275,10.0,25.68776,81.76864
2023-12-18 21:30:00,842756.87835,-295366.73543,10.0,25.68562,81.76991
2023-12-18 22:00:00,842625.92643,-295332.23388,10.0,25.68493,81.77115
2023-12-18 22:30:00,842484.65041,-295294.27536,10.0,25.68423,81.77249
2023-12-18 23:00:00,842321.06314,-295267.31127,10.0,25.68239,81.77399
2023-12-18 23:30:00,842162.99465,-295273.96082,10.0,25.67863,81.77534
2023-12-19 00:00:00,842038.70621,-295312.57088,10.0,25.67365,81.7763
2023-12-19 00:30:00,841949.00877,-295387.39144,10.0,25.66721,81.77685
2023-12-19 01:00:00,841887.99889,-295485.63404,10.0,25.65996,81.77708
2023-12-19 01:30:00,841842.21172,-295602.91364,10.0,25.65188,81.77712
2023-12-19 02:00:00,841812.26386,-295734.1741,10.0,25.64329,81.77698
2023-12-19 02:30:00,841795.03332,-295868.58866,10.0,25.63478,81.77672
2023-12-19 03:00:00,841791.46896,-296019.86914,10.0,25.62554,81.77629
2023-12-19 03:30:00,841790.61372,-296189.62026,10.0,25.61524,81.77578
2023-12-19 04:00:00,841783.31065,-296377.59868,10.0,25.6037,81.77527
2023-12-19 04:30:00,841777.20089,-296585.01401,10.0,25.59101,81.77469
2023-12-19 05:00:00,841769.13837,-296810.93155,10.0,25.57716,81.77407
2023-12-19 05:30:00,841744.43517,-297047.8627,10.0,25.56229,81.77356
2023-12-19 06:00:00,841698.95751,-297284.59203,10.0,25.54699,81.77323
2023-12-19 06:30:00,841634.10729,-297517.13758,10.0,25.53153,81.77308
2023-12-19 07:00:00,841560.81354,-297737.45028,10.0,25.51663,81.77304
2023-12-19 07:30:00,841478.4512,-297937.53072,10.0,25.50276,81.77314
2023-12-19 08:00:00,841381.7565,-298125.75037,10.0,25.4893,81.7734
2023-12-19 08:30:00,841277.42977,-298299.51394,10.0,25.47655,81.77377
2023-12-19 09:00:00,841177.45899,-298457.61329,10.0,25.46484,81.77415
2023-12-19 09:30:00,841095.83455,-298609.48007,10.0,25.4539,81.77439
2023-12-19 10:00:00,841018.65006,-298752.00317,10.0,25.44362,81.77462
2023-12-19 10:30:00,840952.15126,-298900.1332,10.0,25.43323,81.77474
2023-12-19 11:00:00,840904.48365,-299076.44804,10.0,25.42154,81.77461
2023-12-19 11:30:00,840854.30048,-299272.70734,10.0,25.40859,81.77444
2023-12-19 12:00:00,840780.50726,-299499.42637,10.0,25.39329,81.77438
2023-12-19 12:30:00,840693.52177,-299746.74901,10.0,25.37646,81.77437
2023-12-19 13:00:00,840618.54449,-300008.77816,10.0,25.359,81.77421
2023-12-19 13:30:00,840578.00483,-300287.42211,10.0,25.34128,81.7737
2023-12-19 14:00:00,840546.20391,-300609.26978,10.0,25.32114,81.77298
2023-12-19 14:30:00,840521.82136,-300926.2189,10.0,25.30146,81.77221
2023-12-19 15:00:00,840496.95311,-301237.75793,10.0,25.2821,81.77146
2023-12-19 15:30:00,840475.70704,-301538.89951,10.0,25.26345,81.77071
2023-12-19 16:00:00,840454.77548,-301838.88571,10.0,25.24488,81.76996
2023-12-19 16:30:00,840436.45352,-302132.56144,10.5,25.22675,81.76921
2023-12-19 17:00:00,840419.54182,-302432.46623,10.0,25.20828,81.76842
2023-12-19 17:30:00,840404.70771,-302717.91605,10.0,25.19073,81.76766
2023-12-19 18:00:00,840389.04629,-302989.36489,10.0,25.17401,81.76695
2023-12-19 18:30:00,840376.95011,-303250.70995,10.0,25.15798,81.76624
2023-12-19 19:00:00,840368.8873,-303507.09139,10.0,25.14234,81.76551
2023-12-19 19:30:00,840357.53664,-303756.36053,10.0,25.12706,81.76483
2023-12-19 20:00:00,840343.54704,-303987.13571,10.0,25.11284,81.76423
2023-12-19 20:30:00,840330.01083,-304213.29881,10.0,25.09891,81.76364
2023-12-19 21:00:00,840315.85499,-304434.6251,10.0,25.08526,81.76307
2023-12-19 21:30:00,840302.47919,-304624.90367,10.0,25.0735,81.76259
2023-12-19 22:00:00,840291.41044,-304781.92877,10.5,25.0638,81.76219
2023-12-19 22:30:00,840287.61529,-304940.46613,10.0,25.05416,81.76173
2023-12-19 23:00:00,840288.27254,-305101.37569,10.0,25.04448,81.76122
2023-12-19 23:30:00,840303.31878,-305248.10876,10.0,25.03597,81.76063
2023-12-20 00:00:00,840334.4027,-305388.90205,10.0,25.02817,81.75992
2023-12-20 00:30:00,840381.9273,-305548.14974,10.0,25.01962,81.75901
2023-12-20 01:00:00,840447.52791,-305718.15644,10.0,25.01082,81.75791
2023-12-20 01:30:00,840528.66525,-305877.24372,10.0,25.00302,81.75671
2023-12-20 02:00:00,840629.57757,-306039.24797,10.0,24.99548,81.75533
2023-12-20 02:30:00,840760.89057,-306216.35543,10.0,24.9877,81.75364
2023-12-20 03:00:00,840930.0055,-306426.4094,10.0,24.97877,81.75152
2023-12-20 03:30:00,841111.81366,-306658.79676,10.0,24.96878,81.74922
2023-12-20 04:00:00,841292.44723,-306897.50349,10.0,24.95839,81.74691
2023-12-20 04:30:00,841460.09854,-307127.2417,10.0,24.94826,81.74474
2023-12-20 05:00:00,841604.01745,-307352.06444,10.0,24.93791,81.74279
2023-12-20 05:30:00,841727.53913,-307569.18259,10.0,24.92758,81.74104
2023-12-20 06:00:00,841851.32697,-307775.97728,10.0,24.91788,81.73932
2023-12-20 06:30:00,841982.86798,-307974.17904,10.0,24.90887,81.73756
2023-12-20 07:00:00,842119.85441,-308160.60495,10.0,24.90069,81.73579
2023-12-20 07:30:00,842254.97604,-308339.40524,10.0,24.89293,81.73406
2023-12-20 08:00:00,842391.21861,-308506.71685,10.5,24.88589,81.73236
2023-12-20 08:30:00,842526.74737,-308670.54234,10.0,24.87904,81.73067
2023-12-20 09:00:00,842669.0553,-308826.4411,10.0,24.87282,81.72895
2023-12-20 09:30:00,842834.95529,-308993.86908,10.0,24.86643,81.72699
2023-12-20 10:00:00,843009.86011,-309171.49399,10.0,24.85963,81.72492
2023-12-20 10:30:00,843167.95708,-309338.00035,10.0,24.85313,81.72303
2023-12-20 11:00:00,843311.67324,-309493.09924,10.0,24.847,81.7213
2023-12-20 11:30:00,843440.78767,-309643.71573,10.0,24.84082,81.71971
2023-12-20 12:00:00,843572.23744,-309800.57647,10.0,24.83432,81.71808
2023-12-20 12:30:00,843696.93606,-309956.83828,10.0,24.82771,81.71651
2023-12-20 13:00:00,843819.77639,-310114.96666,10.0,24.82095,81.71495
2023-12-20 13:30:00,843948.16691,-310283.20417,10.0,24.81371,81.71331
2023-12-20 14:00:00,844097.26684,-310467.63656,10.0,24.80596,81.71144
2023-12-20 14:30:00,844268.52811,-310645.39227,10.0,24.7991,81.7094
2023-12-20 15:00:00,844468.75641,-310829.51564,10.0,24.7925,81.70709
2023-12-20 15:30:00,844697.10754,-311031.75692,10.0,24.78544,81.70448
2023-12-20 16:00:00,844920.65267,-311243.85839,10.0,24.77769,81.70188
2023-12-20 16:30:00,845127.47567,-311438.3191,10.0,24.77063,81.69948
2023-12-20 17:00:00,845307.51475,-311601.52393,10.0,24.76485,81.69741
2023-12-20 17:30:00,845493.25555,-311746.09361,10.0,24.76031,81.69535
2023-12-20 18:00:00,845693.34044,-311867.48646,10.0,24.75747,81.69324
2023-12-20 18:30:00,845904.85704,-311995.63575,9.5,24.75448,81.69101
2023-12-20 19:00:00,846155.6968,-312130.4324,10.0,24.75196,81.68842
2023-12-20 19:30:00,846414.51053,-312249.90352,10.0,24.75053,81.68581
2023-12-20 20:00:00,846666.17503,-312341.56964,10.0,24.7506,81.68335
2023-12-20 20:30:00,846902.79458,-312414.25067,10.0,24.75147,81.68108
2023-12-20 21:00:00,847137.81873,-312452.88489,10.5,24.75433,81.67893
2023-12-20 21:30:00,847384.98246,-312478.71496,10.0,24.75822,81.67672
2023-12-20 22:00:00,847653.52739,-312499.42857,10.0,24.76288,81.67434
2023-12-20 22:30:00,847940.0197,-312531.25079,10.0,24.76727,81.67177
2023-12-20 23:00:00,848210.49894,-312568.72854,10.0,24.77097,81.66932
2023-12-20 23:30:00,848476.36038,-312593.53602,10.0,24.77532,81.66695
2023-12-21 00:00:00,848762.68002,-312622.64069,10.0,24.77986,81.66439
2023-12-21 00:30:00,849051.48464,-312663.88826,10.0,24.78373,81.66177
2023-12-21 01:00:00,849376.66996,-312726.06447,10.0,24.78715,81.65877
2023-12-21 01:30:00,849719.34667,-312816.36182,10.0,24.78928,81.65553
2023-12-21 02:00:00,850089.69576,-312944.95253,10.0,24.78974,81.65193
2023-12-21 02:30:00,850468.09616,-313111.5592,10.0,24.78812,81.64814
2023-12-21 03:00:00,850850.11129,-313306.16602,10.0,24.78492,81.64423
2023-12-21 03:30:00,851236.05418,-313546.81298,10.0,24.77908,81.64014
2023-12-21 04:00:00,851613.55594,-313832.39041,10.0,24.7704,81.63598
2023-12-21 04:30:00,851946.78247,-314146.71979,10.0,24.75906,81.63211
2023-12-21 05:00:00,852218.85139,-314453.70207,10.0,24.74683,81.62879
2023-12-21 05:30:00,852440.69109,-314739.42895,10.0,24.73477,81.62597
2023-12-21 06:00:00,852674.96376,-315016.52563,10.0,24.7235,81.62307
2023-12-21 06:30:00,852943.91006,-315303.35751,10.0,24.71242,81.61984
2023-12-21 07:00:00,853196.04416,-315572.77387,10.0,24.70201,81.61681
2023-12-21 07:30:00,853409.92569,-315798.0181,10.0,24.69338,81.61425
2023-12-21 08:00:00,853601.8361,-315975.91746,10.0,24.68707,81.61203
2023-12-21 08:30:00,853808.17347,-316108.55109,10.0,24.68375,81.60983
2023-12-21 09:00:00,854069.22485,-316228.25273,10.0,24.68239,81.6072
2023-12-21 09:30:00,854366.8537,-316337.33186,10.5,24.68246,81.60429
2023-12-21 10:00:00,854733.89786,-316465.19499,10.0,24.68293,81.60072
2023-12-21 10:30:00,855130.152,-316618.01758,10.0,24.68257,81.59682
2023-12-21 11:00:00,855533.93438,-316785.00926,10.0,24.68154,81.59281
2023-12-21 11:30:00,855950.73657,-316960.74605,10.0,24.68028,81.58866
2023-12-21 12:00:00,856361.62868,-317129.05646,10.5,24.67933,81.58458
2023-12-21 12:30:00,856809.52827,-317316.33978,10.0,24.67807,81.58013
2023-12-21 13:00:00,857236.5028,-317514.7913,10.0,24.6757,81.57582
2023-12-21 13:30:00,857643.90129,-317722.20424,10.0,24.67238,81.57165
2023-12-21 14:00:00,858038.25127,-317942.89209,10.0,24.668,81.56755
2023-12-21 14:30:00,858415.24723,-318169.66021,10.0,24.66289,81.56358
2023-12-21 15:00:00,858794.97601,-318395.30739,10.0,24.65791,81.55959
2023-12-21 15:30:00,859202.88823,-318626.36935,10.0,24.65323,81.55534
2023-12-21 16:00:00,859624.44558,-318836.28954,10.0,24.65009,81.55104
2023-12-21 16:30:00,860026.41906,-319030.12011,10.0,24.64747,81.54696
2023-12-21 17:00:00,860465.43134,-319230.55991,10.0,24.64527,81.54254
2023-12-21 17:30:00,860930.96276,-319428.39971,10.0,24.6438,81.5379
2023-12-21 18:00:00,861380.33481,-319591.53702,10.0,24.64401,81.53351
2023-12-21 18:30:00,861852.45987,-319721.52897,10.0,24.64665,81.52903
2023-12-21 19:00:00,862337.24246,-319833.05432,9.5,24.65064,81.5245
2023-12-21 19:30:00,862840.09927,-319920.88862,10.0,24.6564,81.51989
2023-12-21 20:00:00,863346.35292,-319980.73928,10.0,24.66386,81.51534
2023-12-21 20:30:00,863869.67406,-320016.42597,10.0,24.67309,81.51072
2023-12-21 21:00:00,864423.55136,-320029.11482,10.0,24.68431,81.50591
2023-12-21 21:30:00,864991.10634,-320039.26529,10.0,24.69596,81.50099
2023-12-21 22:00:00,865538.89081,-320034.33861,10.5,24.70805,81.49629
2023-12-21 22:30:00,866099.58496,-320021.36804,10.0,24.72087,81.4915
2023-12-21 23:00:00,866650.278,-319988.83587,10.0,24.7346,81.48686
2023-12-21 23:30:00,867227.0718,-319935.75415,10.0,24.75007,81.48206
2023-12-22 00:00:00,867825.29399,-319877.88318,10.0,24.76626,81.47709
2023-12-22 00:30:00,868416.5654,-319826.0769,10.0,24.78193,81.47216
2023-12-22 01:00:00,868995.74085,-319772.26192,10.0,24.79744,81.46734
2023-12-22 01:30:00,869573.30491,-319697.3944,10.0,24.81412,81.4626
2023-12-22 02:00:00,870155.51368,-319606.50433,10.0,24.83181,81.45787
2023-12-22 02:30:00,870747.91973,-319490.7378,10.0,24.85114,81.45313
2023-12-22 03:00:00,871361.9309,-319363.19793,10.0,24.87159,81.44824
2023-12-22 03:30:00,872014.52587,-319237.64255,10.0,24.89272,81.44301
2023-12-22 04:00:00,872702.87937,-319131.2777,10.0,24.91347,81.43741
2023-12-22 04:30:00,873424.41408,-319028.96033,10.0,24.93466,81.43151
2023-12-22 05:00:00,874177.95036,-318930.72438,10.0,24.95626,81.42532
2023-12-22 05:30:00,874932.28103,-318840.92433,10.5,24.97736,81.4191
2023-12-22 06:00:00,875722.68754,-318750.66593,10.0,24.99921,81.41256
2023-12-22 06:30:00,876537.13125,-318681.42415,10.0,25.02032,81.40575
2023-12-22 07:00:00,877370.99096,-318634.94443,10.0,25.04049,81.3987
2023-12-22 07:30:00,878198.04751,-318600.51146,10.0,25.05979,81.39167
2023-12-22 08:00:00,879013.54049,-318576.61195,10.5,25.07821,81.38471
2023-12-22 08:30:00,879841.11324,-318567.68573,10.0,25.09599,81.37759
2023-12-22 09:00:00,880629.41978,-318575.50326,10.0,25.11196,81.37076
2023-12-22 09:30:00,881407.67019,-318601.3346,10.0,25.12666,81.36396
2023-12-22 10:00:00,882168.13454,-318644.18329,10.0,25.13999,81.35726
2023-12-22 10:30:00,882889.42652,-318699.18002,10.0,25.15179,81.35086
2023-12-22 11:00:00,883612.01244,-318766.53852,10.0,25.16289,81.34441
2023-12-22 11:30:00,884298.99327,-318839.43181,10.0,25.17292,81.33825
2023-12-22 12:00:00,884971.28267,-318898.40457,10.0,25.18343,81.33226
2023-12-22 12:30:00,885632.62067,-318942.70167,10.0,25.19454,81.32641
2023-12-22 13:00:00,886272.77906,-318971.7751,10.0,25.20607,81.32079
2023-12-22 13:30:00,886893.56711,-318977.36177,10.0,25.21853,81.31541
2023-12-22 14:00:00,887489.15816,-318940.21505,10.0,25.2329,81.31038
2023-12-22 14:30:00,888067.19775,-318874.42603,10.0,25.24853,81.30559
2023-12-22 15:00:00,888693.46795,-318819.16009,10.0,25.26453,81.30035
2023-12-22 15:30:00,889361.13823,-318770.86265,10.0,25.28096,81.29473
2023-12-22 16:00:00,890070.7935,-318737.57776,10.0,25.29737,81.2887
2023-12-22 16:30:00,890808.63788,-318719.0647,10.5,25.31349,81.28238
2023-12-22 17:00:00,891547.54214,-318703.85338,10.0,25.32942,81.27604
2023-12-22 17:30:00,892313.85195,-318695.91514,10.0,25.34547,81.26944
2023-12-22 18:00:00,893101.99482,-318701.13904,10.0,25.36119,81.26261
2023-12-22 18:30:00,893901.91491,-318712.06285,10.0,25.3768,81.25566
2023-12-22 19:00:00,894714.80312,-318735.08722,10.0,25.39196,81.24856
2023-12-22 19:30:00,895544.94838,-318787.41793,10.5,25.40578,81.24122
2023-12-22 20:00:00,896352.98676,-318859.49771,10.0,25.41801,81.23401
2023-12-22 20:30:00,897150.95844,-318972.79448,10.0,25.42768,81.22676
2023-12-22 21:00:00,897949.59918,-319119.93669,10.0,25.43543,81.2194
2023-12-22 21:30:00,898717.16682,-319302.44674,10.0,25.44054,81.2122
2023-12-22 22:00:00,899450.69081,-319538.48327,10.0,25.44193,81.20513
2023-12-22 22:30:00,900096.36481,-319803.78107,10.0,25.4399,81.19873
2023-12-22 23:00:00,900708.17874,-320096.05161,10.0,25.43567,81.19254
2023-12-22 23:30:00,901272.95928,-320406.7907,10.0,25.42946,81.1867
2023-12-23 00:00:00,901776.41758,-320711.11578,10.0,25.42239,81.18141
2023-12-23 00:30:00,902234.61491,-321012.61658,10.0,25.41458,81.17652
2023-12-23 01:00:00,902839.31677,-321263.09535,10.5,25.41259,81.17052
2023-12-23 01:30:00,903039.88936,-321615.75975,10.0,25.39675,81.1677
2023-12-23 02:00:00,903401.02121,-321907.13356,10.0,25.38759,81.16368
2023-12-23 02:30:00,903735.29095,-322176.45724,10.0,25.37914,81.15996
2023-12-23 03:00:00,904058.76771,-322424.09469,10.0,25.3717,81.1564
2023-12-23 03:30:00,904419.83944,-322660.34041,10.0,25.36566,81.15255
2023-12-23 04:00:00,904794.72568,-322878.73455,10.5,25.3609,81.14864
2023-12-23 04:30:00,905209.06746,-323087.41777,10.0,25.35749,81.14441
2023-12-23 05:00:00,905654.7971,-323280.90129,10.0,25.35556,81.13996
2023-12-23 05:30:00,906151.5075,-323464.44682,10.0,25.35521,81.1351
2023-12-23 06:00:00,906685.52624,-323650.43419,10.0,25.35547,81.12991
2023-12-23 06:30:00,907263.8559,-323835.452,10.0,25.35667,81.12434
2023-12-23 07:00:00,907892.66484,-324044.35472,10.0,25.35754,81.11826
2023-12-23 07:30:00,908521.45851,-324266.28054,10.0,25.35768,81.11214
2023-12-23 08:00:00,909169.449,-324512.22842,10.0,25.35686,81.10578
2023-12-23 08:30:00,909816.35116,-324787.1693,10.0,25.3544,81.09934
2023-12-23 09:00:00,910469.73572,-325102.29241,10.0,25.34983,81.09272
2023-12-23 09:30:00,911087.25119,-325427.13925,10.0,25.34401,81.08638
2023-12-23 10:00:00,911685.75316,-325769.56525,10.0,25.33684,81.08015
2023-12-23 10:30:00,912259.29024,-326126.77071,10.0,25.32836,81.07409
2023-12-23 11:00:00,912798.20772,-326496.59951,10.0,25.3185,81.06829
2023-12-23 11:30:00,913287.26884,-326863.38171,9.5,25.30783,81.06293
2023-12-23 12:00:00,913709.48385,-327219.59131,10.0,25.29643,81.05818
2023-12-23 12:30:00,914067.09075,-327549.2672,10.0,25.28523,81.05407
2023-12-23 13:00:00,914384.50644,-327852.11047,10.0,25.27473,81.05039
2023-12-23 13:30:00,914682.57524,-328118.43816,10.0,25.26588,81.04699
2023-12-23 14:00:00,914954.71242,-328347.28025,10.0,25.2586,81.04393
2023-12-23 14:30:00,915208.07591,-328534.85105,10.0,25.25324,81.04116
2023-12-23 15:00:00,915457.35392,-328701.53406,10.0,25.24896,81.03849
2023-12-23 15:30:00,915697.56634,-328835.41668,10.0,25.24632,81.036
2023-12-23 16:00:00,915935.12393,-328931.55442,10.0,25.24572,81.03365
2023-12-23 16:30:00,916168.8392,-328990.03285,10.0,25.24713,81.03145
2023-12-23 17:00:00,916399.54685,-329021.418,10.0,25.24998,81.02936
2023-12-23 17:30:00,916658.37737,-329029.28266,10.0,25.25469,81.0271
2023-12-23 18:00:00,916963.22867,-329018.57338,10.0,25.26134,81.0245
2023-12-23 18:30:00,917267.78563,-328992.51079,10.0,25.26883,81.02195
2023-12-23 19:00:00,917594.02749,-328941.43271,10.0,25.27813,81.01929
2023-12-23 19:30:00,917977.44675,-328882.53901,10.0,25.28899,81.01616
2023-12-23 20:00:00,918417.51829,-328823.719,10.0,25.30096,81.01254
2023-12-23 20:30:00,918927.55439,-328785.95785,10.0,25.31314,81.00825
2023-12-23 21:00:00,919481.04779,-328794.83658,10.0,25.32359,81.00344
2023-12-23 21:30:00,920033.98594,-328840.79897,10.0,25.33197,80.99852
2023-12-23 22:00:00,920576.44122,-328922.52821,10.0,25.33816,80.99358
2023-12-23 22:30:00,921110.86645,-329036.43335,10.5,25.34241,80.98861
2023-12-23 23:00:00,921630.83136,-329194.05991,10.0,25.34396,80.98363
2023-12-23 23:30:00,922091.32328,-329382.13239,10.0,25.34266,80.97907
2023-12-24 00:00:00,922474.65715,-329588.59771,10.0,25.33883,80.97512
2023-12-24 00:30:00,922800.21333,-329794.81897,10.0,25.33388,80.97167
2023-12-24 01:00:00,923099.08813,-330001.20124,10.0,25.3284,80.96845
2023-12-24 01:30:00,923346.07467,-330200.5506,10.0,25.32229,80.9657
2023-12-24 02:00:00,923536.5274,-330367.01681,10.0,25.31688,80.96354
2023-12-24 02:30:00,923706.45244,-330506.72607,10.0,25.31254,80.96164
2023-12-24 03:00:00,923902.60871,-330634.57378,10.0,25.30937,80.95955
2023-12-24 03:30:00,924116.76309,-330741.23386,10.0,25.30772,80.95737
2023-12-24 04:00:00,924337.68187,-330825.76042,10.0,25.30742,80.9552
2023-12-24 04:30:00,924563.08392,-330875.12305,10.0,25.30914,80.9531
2023-12-24 05:00:00,924796.45669,-330889.27005,10.0,25.31295,80.95104
2023-12-24 05:30:00,925045.98366,-330877.65919,10.0,25.31849,80.94892
2023-12-24 06:00:00,925318.23055,-330854.27103,10.0,25.32512,80.94664
2023-12-24 06:30:00,925607.64986,-330821.65602,10.0,25.33259,80.94424
2023-12-24 07:00:00,925921.24573,-330799.06381,10.0,25.33998,80.9416
2023-12-24 07:30:00,926261.65187,-330785.60271,10.0,25.34739,80.9387
2023-12-24 08:00:00,926603.97003,-330782.94793,10.0,25.35424,80.93575
2023-12-24 08:30:00,926954.35947,-330793.3054,10.0,25.36053,80.93269
2023-12-24 09:00:00,927305.77084,-330823.47111,10.0,25.36575,80.92956
2023-12-24 09:30:00,927663.50302,-330861.84779,10.0,25.37064,80.92635
2023-12-24 10:00:00,928052.6622,-330899.68248,10.0,25.37617,80.92287
2023-12-24 10:30:00,928448.37645,-330945.07232,10.0,25.38141,80.91931
2023-12-24 11:00:00,928827.99447,-331006.39202,10.0,25.38546,80.91584
2023-12-24 11:30:00,929186.33424,-331078.7154,9.5,25.38849,80.91252
2023-12-24 12:00:00,929530.15891,-331169.04591,10.0,25.39025,80.90927
2023-12-24 12:30:00,929854.29929,-331269.16658,10.0,25.39109,80.90616
2023-12-24 13:00:00,930143.82776,-331382.00989,10.0,25.39056,80.90331
2023-12-24 13:30:00,930408.10644,-331507.2744,10.0,25.38886,80.90064
2023-12-24 14:00:00,930649.91849,-331646.88427,10.0,25.38594,80.89812
2023-12-24 14:30:00,930862.68012,-331790.0858,10.0,25.38226,80.89584
2023-12-24 15:00:00,931066.72851,-331947.98106,10.0,25.37761,80.89359
2023-12-24 15:30:00,931247.24487,-332123.17539,10.0,25.37156,80.89149
2023-12-24 16:00:00,931387.57393,-332297.4609,10.0,25.36478,80.88974
2023-12-24 16:30:00,931473.66917,-332458.30276,10.0,25.35768,80.8885
2023-12-24 17:00:00,931503.86702,-332597.38864,10.0,25.35068,80.88781
2023-12-24 17:30:00,931517.38651,-332702.12179,10.0,25.34523,80.88737
2023-12-24 18:00:00,931561.85587,-332768.78745,10.0,25.34246,80.88678
2023-12-24 18:30:00,931679.30634,-332812.57622,10.0,25.34236,80.88563
2023-12-24 19:00:00,931869.22166,-332844.65565,10.0,25.34431,80.88389
2023-12-24 19:30:00,932092.10139,-332868.68395,10.0,25.34734,80.88189
2023-12-24 20:00:00,932330.01521,-332883.01153,10.0,25.35119,80.87979
2023-12-24 20:30:00,932604.63634,-332904.72096,10.0,25.35535,80.87735
2023-12-24 21:00:00,932900.76408,-332943.97693,10.0,25.35897,80.87467
2023-12-24 21:30:00,933212.10436,-333002.20932,10.0,25.36185,80.8718
2023-12-24 22:00:00,933521.08516,-333088.95323,10.5,25.36313,80.86886
2023-12-24 22:30:00,933845.62194,-333201.81188,10.0,25.36329,80.86571
2023-12-24 23:00:00,934166.62517,-333336.74972,10.0,25.36218,80.86252
2023-12-24 23:30:00,934482.80452,-333501.42209,10.0,25.35936,80.85928
2023-12-25 00:00:00,934799.11001,-333688.43328,10.0,25.35533,80.85597
2023-12-25 00:30:00,935100.09676,-333889.1662,10.0,25.35026,80.85275
2023-12-25 01:00:00,935395.08578,-334109.91305,10.0,25.34399,80.84952
2023-12-25 01:30:00,935669.91353,-334354.66033,10.0,25.33603,80.84639
2023-12-25 02:00:00,935897.11332,-334611.1594,10.5,25.32651,80.84364
2023-12-25 02:30:00,936084.80677,-334877.71087,10.0,25.31569,80.84119
2023-12-25 03:00:00,936230.67771,-335155.88316,10.0,25.30343,80.83907
2023-12-25 03:30:00,936330.07712,-335444.0658,10.0,25.28973,80.83732
2023-12-25 04:00:00,936354.85085,-335730.30428,10.0,25.27469,80.83622
2023-12-25 04:30:00,936315.99259,-335987.13492,10.0,25.26001,80.83576
2023-12-25 05:00:00,936250.71945,-336223.80664,10.0,25.24591,80.83559
2023-12-25 05:30:00,936174.52229,-336442.35576,10.0,25.23258,80.83557
2023-12-25 06:00:00,936104.83316,-336632.98666,10.0,25.22089,80.83558
2023-12-25 06:30:00,936046.8821,-336800.53147,10.0,25.21068,80.83556
2023-12-25 07:00:00,935977.57619,-336951.25658,10.0,25.20116,80.83569
2023-12-25 07:30:00,935873.72444,-337072.37238,10.0,25.19257,80.83621
2023-12-25 08:00:00,935739.44828,-337181.3999,10.0,25.18404,80.83703
2023-12-25 08:30:00,935614.52612,-337319.0505,10.0,25.17414,80.83768
2023-12-25 09:00:00,935509.90435,-337487.06362,10.0,25.16299,80.83806
2023-12-25 09:30:00,935430.94628,-337628.76021,10.5,25.15377,80.8383
2023-12-25 10:00:00,935373.24265,-337775.80483,10.0,25.14467,80.83834
2023-12-25 10:30:00,935329.68833,-337941.29995,10.0,25.13485,80.8382
2023-12-25 11:00:00,935308.80784,-338136.96185,10.0,25.12384,80.83777
2023-12-25 11:30:00,935307.80328,-338360.87781,10.0,25.11169,80.83708
2023-12-25 12:00:00,935324.40054,-338612.24006,10.5,25.0984,80.83615
2023-12-25 12:30:00,935329.7517,-338876.58467,10.0,25.08419,80.83528
2023-12-25 13:00:00,935306.24406,-339149.34702,10.0,25.06896,80.83463
2023-12-25 13:30:00,935251.91736,-339442.92367,10.0,25.052,80.83418
2023-12-25 14:00:00,935167.58783,-339767.75719,10.0,25.03276,80.83389
2023-12-25 14:30:00,935045.11895,-340139.72185,10.0,25.01022,80.83378
2023-12-25 15:00:00,934885.27283,-340553.34339,10.5,24.98469,80.83386
2023-12-25 15:30:00,934690.14898,-341005.84471,10.0,24.95636,80.83412
2023-12-25 16:00:00,934484.6465,-341495.56663,10.0,24.92581,80.83435
2023-12-25 16:30:00,934236.4665,-342021.78186,10.0,24.89244,80.83483
2023-12-25 17:00:00,933956.11208,-342574.59859,10.0,24.85699,80.8355
2023-12-25 17:30:00,933660.04055,-343131.16131,10.0,24.82102,80.83629
2023-12-25 18:00:00,933360.40225,-343699.43006,10.0,24.78434,80.83707
2023-12-25 18:30:00,933085.36756,-344237.62134,10.0,24.74977,80.83773
2023-12-25 19:00:00,932824.93858,-344776.12237,10.0,24.71547,80.83826
2023-12-25 19:30:00,932587.11772,-345309.04006,10.0,24.68192,80.83861
2023-12-25 20:00:00,932358.87895,-345824.54652,10.0,24.6495,80.83893
2023-12-25 20:30:00,932134.37584,-346344.73176,10.0,24.6169,80.8392
2023-12-25 21:00:00,931951.02532,-346862.79101,10.0,24.58524,80.83912
2023-12-25 21:30:00,931792.10576,-347420.53279,10.0,24.55193,80.8387
2023-12-25 22:00:00,931644.17459,-348007.07941,10.0,24.51729,80.83809
2023-12-25 22:30:00,931483.40884,-348611.33567,10.0,24.48144,80.83753
2023-12-25 23:00:00,931314.13209,-349216.85425,10.5,24.44535,80.83704
2023-12-25 23:30:00,931120.80901,-349876.25022,10.0,24.40588,80.83657
2023-12-26 00:00:00,930896.66385,-350552.60612,10.0,24.36487,80.83631
2023-12-26 00:30:00,930644.36446,-351261.98831,10.0,24.32151,80.83618
2023-12-26 01:00:00,930364.39939,-352009.00372,10.0,24.27556,80.83616
2023-12-26 01:30:00,930048.96222,-352795.48795,10.0,24.22676,80.83631
2023-12-26 02:00:00,929687.06629,-353622.53734,10.5,24.17482,80.83672
2023-12-26 02:30:00,929240.58163,-354515.81776,10.0,24.11758,80.83763
2023-12-26 03:00:00,928713.34896,-355416.21136,10.0,24.05828,80.8392
2023-12-26 03:30:00,928107.70004,-356308.0552,10.0,23.9978,80.84146
2023-12-26 04:00:00,927454.48224,-357171.72936,10.0,23.93782,80.84421
2023-12-26 04:30:00,926763.13503,-358013.12423,10.0,23.87821,80.84735
2023-12-26 05:00:00,926047.08998,-358842.88487,10.0,23.81867,80.85073
2023-12-26 05:30:00,925310.98681,-359655.10573,10.0,23.75961,80.85433
2023-12-26 06:00:00,924593.94867,-360436.52693,10.0,23.70256,80.85786
2023-12-26 06:30:00,923871.92286,-361198.07422,10.0,23.64643,80.86149
2023-12-26 07:00:00,923163.36118,-361907.74475,10.0,23.59333,80.86517
2023-12-26 07:30:00,922491.57749,-362560.25445,10.0,23.54404,80.86872
2023-12-26 08:00:00,921861.18843,-363180.03311,10.0,23.49735,80.87202
2023-12-26 08:30:00,921298.50939,-363742.28081,10.0,23.45516,80.87493
2023-12-26 09:00:00,920781.74244,-364272.93898,10.0,23.41562,80.87755
2023-12-26 09:30:00,920301.69661,-364765.87529,10.0,23.37887,80.87998
2023-12-26 10:00:00,919856.90656,-365222.07889,10.0,23.34483,80.88223
2023-12-26 10:30:00,919466.31375,-365661.98122,10.0,23.31281,80.88407
2023-12-26 11:00:00,919124.17656,-366103.1006,10.0,23.28175,80.88549
2023-12-26 11:30:00,918820.40403,-366564.92155,10.0,23.25039,80.88651
2023-12-26 12:00:00,918539.0896,-367040.23341,10.0,23.21878,80.88729
2023-12-26 12:30:00,918281.86438,-367527.87482,10.0,23.18702,80.88782
2023-12-26 13:00:00,918032.73051,-368029.66368,10.0,23.15467,80.88823
2023-12-26 13:30:00,917764.89361,-368550.85959,10.0,23.12087,80.88873
2023-12-26 14:00:00,917492.9586,-369083.61555,10.5,23.08636,80.88922
2023-12-26 14:30:00,917178.91412,-369662.83455,10.0,23.04843,80.88991
2023-12-26 15:00:00,916837.3559,-370247.2828,10.0,23.00962,80.89081
2023-12-26 15:30:00,916469.33115,-370837.81813,10.0,22.9699,80.89191
2023-12-26 16:00:00,916082.49289,-371441.58395,10.0,22.92905,80.89312
2023-12-26 16:30:00,915680.88983,-372062.98192,10.0,22.88692,80.89439
2023-12-26 17:00:00,915241.95899,-372705.27559,10.0,22.84284,80.8959
2023-12-26 17:30:00,914797.40057,-373352.98356,10.5,22.79833,80.89743
2023-12-26 18:00:00,914317.18161,-374022.19966,10.0,22.75187,80.89919
2023-12-26 18:30:00,913831.10748,-374671.32863,10.0,22.70634,80.90106
2023-12-26 19:00:00,913348.06588,-375305.7027,10.0,22.66165,80.90295
2023-12-26 19:30:00,912876.45366,-375925.05653,10.0,22.618,80.90479
2023-12-26 20:00:00,912421.18283,-376546.16504,10.0,22.5746,80.90648
2023-12-26 20:30:00,912027.12095,-377143.26289,10.0,22.53383,80.90773
2023-12-26 21:00:00,911680.38137,-377778.58984,10.0,22.49205,80.90844
2023-12-26 21:30:00,911355.37247,-378439.78862,10.0,22.44936,80.90887
2023-12-26 22:00:00,911054.51237,-379126.63077,10.0,22.40583,80.909
2023-12-26 22:30:00,910765.009,-379835.72707,10.0,22.36136,80.90895
2023-12-26 23:00:00,910484.4669,-380567.05896,10.0,22.3159,80.90874
2023-12-26 23:30:00,910236.55088,-381328.90556,10.0,22.26954,80.90814
2023-12-27 00:00:00,909985.79334,-382135.26012,10.0,22.22074,80.9074
2023-12-27 00:30:00,909714.50996,-382946.39485,10.0,22.17123,80.90681
2023-12-27 01:00:00,909370.79561,-383798.32696,10.0,22.11791,80.90668
2023-12-27 01:30:00,908980.31864,-384683.06418,10.0,22.06178,80.90682
2023-12-27 02:00:00,908552.09296,-385567.84406,10.0,22.00479,80.90727
2023-12-27 02:30:00,908072.65434,-386434.0947,10.0,21.94762,80.90821
2023-12-27 03:00:00,907530.459,-387253.30948,10.0,21.89152,80.90984
2023-12-27 03:30:00,906947.80756,-388023.37582,10.0,21.8371,80.91198
2023-12-27 04:00:00,906323.42894,-388766.82105,10.0,21.78312,80.91456
2023-12-27 04:30:00,905667.74675,-389487.04998,10.0,21.72963,80.91748
2023-12-27 05:00:00,905021.3677,-390158.75728,10.0,21.67891,80.92049
2023-12-27 05:30:00,904370.57665,-390778.28697,10.0,21.63084,80.92372
2023-12-27 06:00:00,903710.39152,-391346.46517,10.0,21.58526,80.92721
2023-12-27 06:30:00,903047.24477,-391873.36715,10.0,21.54178,80.93087
2023-12-27 07:00:00,902407.47105,-392369.69551,10.0,21.50044,80.93444
2023-12-27 07:30:00,901793.54749,-392846.33708,10.0,21.46072,80.93786
2023-12-27 08:00:00,901229.18472,-393302.41584,10.5,21.42322,80.94093
2023-12-27 08:30:00,900695.42841,-393774.13818,10.0,21.38558,80.94369
2023-12-27 09:00:00,900177.93513,-394268.97083,10.0,21.34706,80.94622
2023-12-27 09:30:00,899670.21168,-394816.37308,10.0,21.30594,80.94847
2023-12-27 10:00:00,899181.55504,-395384.13541,10.0,21.26416,80.95048
2023-12-27 10:30:00,898705.77018,-395948.41706,10.0,21.22285,80.95239
2023-12-27 11:00:00,898236.28536,-396510.65638,9.5,21.18178,80.95425
2023-12-27 11:30:00,897782.34038,-397066.15005,10.0,21.14142,80.956
2023-12-27 12:00:00,897343.44521,-397629.518,10.0,21.10098,80.95759
2023-12-27 12:30:00,896919.23316,-398233.80638,10.0,21.05869,80.9589
2023-12-27 13:00:00,896484.97323,-398819.14945,10.0,21.01716,80.96036
2023-12-27 13:30:00,896039.21199,-399375.49409,10.0,20.97689,80.96202
2023-12-27 14:00:00,895596.96934,-399914.81055,10.5,20.9376,80.96371
2023-12-27 14:30:00,895126.87978,-400448.41451,10.0,20.89793,80.96565
2023-12-27 15:00:00,894662.09311,-400958.4372,10.0,20.85963,80.96763
2023-12-27 15:30:00,894203.37489,-401448.55302,10.0,20.82252,80.96963
2023-12-27 16:00:00,893764.90665,-401961.71966,10.0,20.78465,80.97137
2023-12-27 16:30:00,893302.70663,-402457.54275,10.0,20.74712,80.97337
2023-12-27 17:00:00,892846.98757,-402943.30838,10.5,20.71027,80.97535
2023-12-27 17:30:00,892397.34956,-403475.43121,10.0,20.67107,80.9771
2023-12-27 18:00:00,891931.90875,-404062.48342,10.0,20.62855,80.97877
2023-12-27 18:30:00,891460.67483,-404679.44847,10.0,20.58428,80.98037
2023-12-27 19:00:00,890967.65201,-405335.00434,10.0,20.53741,80.982
2023-12-27 19:30:00,890463.53234,-405971.29078,10.0,20.49128,80.98379
2023-12-27 20:00:00,889918.64986,-406627.41427,10.5,20.44308,80.98584
2023-12-27 20:30:00,889330.3709,-407281.76877,10.0,20.3939,80.98825
2023-12-27 21:00:00,888739.22632,-407961.86075,10.0,20.34325,80.99058
2023-12-27 21:30:00,888139.47558,-408627.54493,10.0,20.29313,80.99303
2023-12-27 22:00:00,887505.23888,-409277.75132,10.0,20.24296,80.99582
2023-12-27 22:30:00,886953.93341,-409827.24813,10.0,20.20016,80.9983
2023-12-27 23:00:00,886262.00446,-410435.36271,10.0,20.15075,81.00172
2023-12-27 23:30:00,885537.76335,-411064.77911,9.5,20.09937,81.00532
2023-12-28 00:00:00,884829.31091,-411673.90213,10.0,20.04942,81.00886
2023-12-28 00:30:00,884126.34686,-412225.66737,10.0,20.00262,81.01257
2023-12-28 01:00:00,883369.18662,-412752.88392,10.0,19.95574,81.01682
2023-12-28 01:30:00,882462.27211,-413287.45269,10.0,19.90469,81.02228
2023-12-28 02:00:00,881503.99235,-413803.29463,10.5,19.85329,81.02823
2023-12-28 02:30:00,880535.57687,-414230.15038,10.0,19.80631,81.03461
2023-12-28 03:00:00,879579.05351,-414614.24217,10.0,19.76184,81.04105
2023-12-28 03:30:00,878667.17823,-414958.57285,10.0,19.72055,81.04727
2023-12-28 04:00:00,878171.33217,-414916.37349,10.0,19.71031,81.05155
2023-12-28 04:30:00,877737.18936,-414817.50712,10.5,19.70464,81.05554
2023-12-28 05:00:00,877122.9568,-414859.87732,10.0,19.68688,81.06047
2023-12-28 05:30:00,876382.11249,-414998.85635,10.0,19.66074,81.06607
2023-12-28 06:00:00,875665.53299,-415159.95423,10.0,19.634,81.07138
2023-12-28 06:30:00,874980.9657,-415349.68423,10.0,19.60651,81.07631
2023-12-28 07:00:00,874362.82386,-415548.90081,10.0,19.58017,81.08065
2023-12-28 07:30:00,873725.35391,-415727.40515,10.5,19.55442,81.08523
2023-12-28 08:00:00,873134.87455,-415885.35555,10.0,19.53094,81.0895
2023-12-28 08:30:00,872599.46787,-416109.70602,10.0,19.50529,81.09305
2023-12-28 09:00:00,872090.73507,-416351.07977,10.0,19.47939,81.09631
2023-12-28 09:30:00,871633.77739,-416622.63818,10.0,19.45318,81.09902
2023-12-28 10:00:00,871234.27099,-416935.21927,10.0,19.42623,81.10109
2023-12-28 10:30:00,870847.17661,-417281.919,10.0,19.39776,81.10292
2023-12-28 11:00:00,870451.93177,-417650.09333,10.0,19.36792,81.10473
2023-12-28 11:30:00,870070.7595,-418058.81906,10.0,19.33626,81.10626
2023-12-28 12:00:00,869708.96336,-418499.47018,10.0,19.30338,81.1075
2023-12-28 12:30:00,869333.42614,-418932.76664,10.0,19.27053,81.10888
2023-12-28 13:00:00,868918.29042,-419397.24619,10.0,19.23498,81.11046
2023-12-28 13:30:00,868477.88348,-419870.59034,10.0,19.19829,81.11221
2023-12-28 14:00:00,868001.91249,-420338.97208,9.5,19.16093,81.11427
2023-12-28 14:30:00,867513.07972,-420748.0475,10.0,19.12639,81.11667
2023-12-28 15:00:00,866964.38412,-421085.05531,10.0,19.09413,81.11985
2023-12-28 15:30:00,866319.46444,-421387.5406,10.0,19.06119,81.12396
2023-12-28 16:00:00,865630.45194,-421640.49628,10.0,19.02972,81.12863
2023-12-28 16:30:00,864943.84143,-421853.0764,10.0,19.00044,81.13344
2023-12-28 17:00:00,864241.82102,-422059.40317,10.0,18.97106,81.1384
2023-12-28 17:30:00,863555.24691,-422280.69693,10.0,18.94125,81.14317
2023-12-28 18:00:00,862871.40502,-422523.07772,10.0,18.91035,81.14783
2023-12-28 18:30:00,862154.33417,-422753.40828,10.0,18.87919,81.15281
2023-12-28 19:00:00,861458.56379,-423003.99035,10.0,18.84747,81.15753
2023-12-28 19:30:00,860813.84669,-423310.57223,10.0,18.81406,81.1616
2023-12-28 20:00:00,860223.415,-423698.53294,10.0,18.77769,81.16489
2023-12-28 20:30:00,859670.65606,-424206.25035,10.0,18.73587,81.16738
2023-12-28 21:00:00,859089.01335,-424859.72096,10.0,18.68545,81.16951
2023-12-28 21:30:00,858406.01086,-425644.84642,10.0,18.62526,81.17193
2023-12-28 22:00:00,857589.51825,-426534.55486,10.0,18.55588,81.17501
2023-12-28 22:30:00,856656.77067,-427497.94363,10.0,18.4794,81.17873
2023-12-28 23:00:00,855613.88802,-428419.54862,10.0,18.40214,81.18351
2023-12-28 23:30:00,854467.86926,-429265.91609,10.5,18.32605,81.18943
2023-12-29 00:00:00,853263.86114,-430025.11281,10.0,18.25296,81.19617
2023-12-29 00:30:00,852063.29957,-430737.83487,10.0,18.18234,81.20306
2023-12-29 01:00:00,850800.88435,-431429.62726,10.0,18.11105,81.21053
2023-12-29 01:30:00,849495.0091,-432049.82861,10.0,18.04229,81.21864
2023-12-29 02:00:00,848138.60241,-432634.22642,10.0,17.97394,81.2273
2023-12-29 02:30:00,846733.61725,-433104.91595,10.0,17.91022,81.23682
2023-12-29 03:00:00,845250.37126,-433441.57479,10.0,17.8514,81.24753
2023-12-29 03:30:00,843758.80832,-433694.56044,10.0,17.7967,81.25865
2023-12-29 04:00:00,842323.90921,-433945.1176,10.0,17.74356,81.26931
2023-12-29 04:30:00,840968.06655,-434264.00413,10.0,17.68881,81.27903
2023-12-29 05:00:00,839671.37187,-434635.01207,10.0,17.63278,81.28804
2023-12-29 05:30:00,838341.18181,-434964.56526,9.5,17.57793,81.29749
2023-12-29 06:00:00,836961.94386,-435273.25695,10.0,17.52271,81.30742
2023-12-29 06:30:00,835612.41614,-435537.21999,10.0,17.47061,81.31729
2023-12-29 07:00:00,834425.43947,-435794.17311,10.0,17.42335,81.32586
2023-12-29 07:30:00,833402.35425,-436145.34728,10.0,17.37554,81.33269
2023-12-29 08:00:00,832452.85161,-436673.76043,10.0,17.32017,81.33816
2023-12-29 08:30:00,831994.89733,-436829.12986,10.0,17.29881,81.34122
2023-12-29 09:00:00,831878.37373,-436550.32466,10.5,17.31056,81.34336
2023-12-29 09:30:00,831752.94868,-436263.48686,10.0,17.3225,81.3456
2023-12-29 10:00:00,831694.57407,-436022.99533,10.0,17.33384,81.3471
2023-12-29 10:30:00,831662.45448,-435821.4961,10.0,17.34382,81.34822
2023-12-29 11:00:00,831627.81714,-435605.96303,10.0,17.35449,81.34942
2023-12-29 11:30:00,831596.2219,-435363.41443,10.0,17.36671,81.35071
2023-12-29 12:00:00,831558.70331,-435068.65936,10.5,17.38159,81.35227
2023-12-29 12:30:00,831526.9795,-434790.89426,10.0,17.39572,81.35371
2023-12-29 13:00:00,831480.17893,-434504.2293,10.0,17.40991,81.35531
2023-12-29 13:30:00,831404.02723,-434238.34723,10.0,17.42215,81.35706
2023-12-29 14:00:00,831312.63299,-433994.51058,10.0,17.43277,81.35884
2023-12-29 14:30:00,831187.91637,-433769.72794,10.0,17.44142,81.36081
2023-12-29 15:00:00,831065.01335,-433515.51875,10.0,17.45172,81.36289
2023-12-29 15:30:00,830947.37396,-433246.43829,10.0,17.46298,81.36499
2023-12-29 16:00:00,830832.15859,-432939.63263,10.0,17.47636,81.36723
2023-12-29 16:30:00,830699.8503,-432620.73599,10.0,17.48992,81.36966
2023-12-29 17:00:00,830574.22664,-432277.08817,10.0,17.50502,81.37214
2023-12-29 17:30:00,830460.5282,-431938.69845,10.0,17.52018,81.3745
2023-12-29 18:00:00,830395.40117,-431570.48369,10.0,17.53834,81.37659
2023-12-29 18:30:00,830328.95731,-431242.41307,10.0,17.55429,81.37852
2023-12-29 19:00:00,830262.31391,-430964.22029,10.0,17.56753,81.38024
2023-12-29 19:30:00,830194.85301,-430751.35256,10.0,17.5772,81.38169
2023-12-29 20:00:00,830133.73147,-430561.68963,10.0,17.58579,81.38299
2023-12-29 20:30:00,830074.38873,-430411.76298,10.5,17.59227,81.38411
2023-12-29 21:00:00,830027.1926,-430312.86829,10.0,17.59632,81.38491
2023-12-29 21:30:00,829983.04983,-430260.7605,10.0,17.59791,81.38549
2023-12-29 22:00:00,829912.53796,-430242.95234,10.0,17.59689,81.38614
2023-12-29 22:30:00,829825.27153,-430240.89544,10.0,17.59454,81.38686
2023-12-29 23:00:00,829752.06913,-430244.83754,10.0,17.59226,81.38744
2023-12-29 23:30:00,829684.97881,-430248.81982,10.0,17.59015,81.38797
2023-12-30 00:00:00,829589.83172,-430261.94858,10.0,17.58675,81.38869
2023-12-30 00:30:00,829433.56918,-430258.0624,10.0,17.58255,81.38998
2023-12-30 01:00:00,829241.02437,-430253.14664,10.0,17.57738,81.39157
2023-12-30 01:30:00,829049.34189,-430239.4599,10.0,17.57271,81.39319
2023-12-30 02:00:00,828860.792,-430245.73081,10.0,17.56704,81.3947
2023-12-30 02:30:00,828689.0039,-430217.33374,10.0,17.56373,81.39622
2023-12-30 03:00:00,828514.42574,-430161.21376,10.0,17.56185,81.39788
2023-12-30 03:30:00,828348.11739,-430067.89243,10.0,17.56223,81.39963
2023-12-30 04:00:00,828208.22194,-429963.88012,10.0,17.56394,81.40121
2023-12-30 04:30:00,828107.56775,-429843.37114,10.0,17.56766,81.40254
2023-12-30 05:00:00,828030.08507,-429697.12029,10.0,17.57344,81.40379
2023-12-30 05:30:00,828003.12165,-429540.97884,10.0,17.58119,81.40467
2023-12-30 06:00:00,828015.98166,-429386.0805,10.0,17.59,81.40522
2023-12-30 06:30:00,828050.12128,-429230.31562,10.5,17.59946,81.4056
2023-12-30 07:00:00,828120.04129,-429109.60652,10.0,17.60802,81.40554
2023-12-30 07:30:00,828169.71552,-429004.25734,10.0,17.61517,81.40558
2023-12-30 08:00:00,828206.40512,-428902.63417,10.0,17.62175,81.40571
2023-12-30 08:30:00,828255.32212,-428822.37616,10.0,17.62751,81.40565
2023-12-30 09:00:00,828306.51224,-428754.29132,10.0,17.63267,81.40552
2023-12-30 09:30:00,828367.40128,-428710.10282,10.0,17.6368,81.40521
2023-12-30 10:00:00,828415.99124,-428668.3431,10.0,17.64045,81.40499
2023-12-30 10:30:00,828461.38315,-428623.27568,10.0,17.64419,81.40481
2023-12-30 11:00:00,828513.9485,-428566.70257,10.0,17.64876,81.40462
2023-12-30 11:30:00,828578.88642,-428505.16034,10.0,17.65395,81.40435
2023-12-30 12:00:00,828638.17853,-428433.17823,10.0,17.65955,81.40417
2023-12-30 12:30:00,828673.49617,-428350.63194,10.0,17.66505,81.40423
2023-12-30 13:00:00,828682.90529,-428254.14803,10.0,17.67058,81.40456
2023-12-30 13:30:00,828680.5502,-428147.19599,10.0,17.67635,81.40503
2023-12-30 14:00:00,828667.16155,-427985.63833,10.0,17.68479,81.40582
2023-12-30 14:30:00,828655.8601,-427798.62622,10.0,17.69468,81.4067
2023-12-30 15:00:00,828657.28064,-427586.89962,10.0,17.70628,81.40758
2023-12-30 15:30:00,828686.73636,-427368.25267,10.0,17.71905,81.40826
2023-12-30 16:00:00,828733.33255,-427170.92639,10.0,17.73114,81.40871
2023-12-30 16:30:00,828765.51,-426958.69054,10.0,17.74364,81.40934
2023-12-30 17:00:00,828815.0638,-426745.91911,10.0,17.75666,81.40983
2023-12-30 17:30:00,828855.11209,-426563.41444,10.0,17.76776,81.41027
2023-12-30 18:00:00,828860.34182,-426391.37648,10.0,17.77731,81.41095
2023-12-30 18:30:00,828860.18267,-426232.14316,10.0,17.78601,81.41162
2023-12-30 19:00:00,828843.77321,-426092.56331,10.0,17.79318,81.41234
2023-12-30 19:30:00,828836.95001,-425953.36047,10.0,17.8006,81.41298
2023-12-30 20:00:00,828822.38314,-425836.34573,10.5,17.80659,81.41359
2023-12-30 20:30:00,828776.47067,-425739.80908,10.0,17.81058,81.41437
2023-12-30 21:00:00,828727.44386,-425661.24547,10.0,17.8135,81.4151
2023-12-30 21:30:00,828667.28492,-425616.2715,10.0,17.81427,81.41578
2023-12-30 22:00:00,828602.67156,-425582.35401,10.0,17.81431,81.41645
2023-12-30 22:30:00,828524.9795,-425569.13232,10.0,17.81285,81.41714
2023-12-30 23:00:00,828445.90308,-425577.67295,10.0,17.81016,81.41775
2023-12-30 23:30:00,828372.14193,-425606.84608,10.0,17.80649,81.41823
2023-12-31 00:00:00,828280.60035,-425638.41618,10.5,17.80219,81.41885
2023-12-31 00:30:00,828147.01679,-425658.9065,10.0,17.79731,81.41985
2023-12-31 01:00:00,828008.48052,-425633.00928,10.0,17.79483,81.42109
2023-12-31 01:30:00,827877.68239,-425599.2029,10.0,17.793,81.4223
2023-12-31 02:00:00,827755.2153,-425556.33633,10.0,17.7919,81.42348
2023-12-31 02:30:00,827640.46749,-425493.69086,10.0,17.7921,81.42468
2023-12-31 03:00:00,827500.02253,-425423.86126,10.0,17.79197,81.42612
2023-12-31 03:30:00,827366.07526,-425317.57199,10.0,17.79402,81.42766
2023-12-31 04:00:00,827263.73967,-425197.42763,10.0,17.79772,81.429
2023-12-31 04:30:00,827152.65286,-425060.94537,10.0,17.80207,81.43048
2023-12-31 05:00:00,827045.70348,-424916.39918,10.0,17.80698,81.43196
2023-12-31 05:30:00,826963.06328,-424765.03507,10.0,17.81295,81.43327
2023-12-31 06:00:00,826891.87636,-424586.57622,10.0,17.82073,81.4346
2023-12-31 06:30:00,826852.69513,-424391.0408,10.0,17.83035,81.43574
2023-12-31 07:00:00,826825.48307,-424205.52116,10.0,17.83976,81.43674
2023-12-31 07:30:00,826793.35179,-424023.37643,10.5,17.84885,81.43777
2023-12-31 08:00:00,826760.20858,-423829.22237,10.0,17.85857,81.43885
2023-12-31 08:30:00,826755.62457,-423656.69611,10.0,17.86791,81.43961
2023-12-31 09:00:00,826781.88328,-423481.23615,10.0,17.87828,81.44013
2023-12-31 09:30:00,826859.0865,-423344.81371,10.0,17.88794,81.44007
2023-12-31 10:00:00,826963.72735,-423226.43778,10.0,17.89738,81.43971
2023-12-31 10:30:00,827066.34822,-423109.56375,10.0,17.90668,81.43936
2023-12-31 11:00:00,827172.25092,-422998.17863,10.0,17.91577,81.43896
2023-12-31 11:30:00,827288.80395,-422908.97725,10.0,17.92394,81.43838
2023-12-31 12:00:00,827403.7378,-422800.05312,10.5,17.93315,81.4379
2023-12-31 12:30:00,827533.82353,-422687.97415,10.0,17.94295,81.4373
2023-12-31 13:00:00,827632.66827,-422527.93523,10.0,17.95451,81.43716
2023-12-31 13:30:00,827764.7547,-422352.98652,10.0,17.96782,81.43681
2023-12-31 14:00:00,827887.28614,-422165.49865,10.0,17.98155,81.43659
2023-12-31 14:30:00,828007.36699,-421932.33018,10.0,17.99772,81.43658
2023-12-31 15:00:00,828130.1931,-421657.60434,9.5,18.01625,81.43672
2023-12-31 15:30:00,828276.34355,-421365.63973,10.0,18.03638,81.43674
2023-12-31 16:00:00,828428.15694,-421033.43568,10.0,18.05888,81.43688
2023-12-31 16:30:00,828583.11944,-420723.58032,10.0,18.08024,81.4369
2023-12-31 17:00:00,828752.70688,-420403.86851,10.0,18.10255,81.43684
2023-12-31 17:30:00,828901.29348,-420069.87153,10.0,18.12506,81.43701
2023-12-31 18:00:00,829055.77601,-419735.96723,9.5,18.14773,81.43713
2023-12-31 18:30:00,829218.61505,-419385.21832,10.0,18.17156,81.43725
2023-12-31 19:00:00,829401.13424,-419045.87834,10.0,18.19531,81.43716
2023-12-31 19:30:00,829564.45992,-418722.45756,10.0,18.21765,81.43716
2023-12-31 20:00:00,829717.88881,-418410.69977,10.5,18.23907,81.43719
2023-12-31 20:30:00,829868.08987,-418103.42555,10.0,18.26016,81.43723
2023-12-31 21:00:00,829998.68853,-417810.19764,10.0,18.27993,81.43737
2023-12-31 21:30:00,830121.87086,-417529.04495,10.0,18.29883,81.43752
2023-12-31 22:00:00,830238.56196,-417275.13482,10.0,18.31605,81.43761
2023-12-31 22:30:00,830334.45234,-417038.18755,10.0,18.33176,81.4378
2023-12-31 23:00:00,830437.21977,-416828.65637,9.5,18.34615,81.43782
2023-12-31 23:30:00,830551.11898,-416633.23781,10.0,18.36007,81.43769
